 v-sweep         v(v1)           v(v2)           v(vout)        
 0.00000000e+00  0.00000000e+00  0.00000000e+00  9.93246739e-01 
 1.00000000e-02  1.00000000e-02  0.00000000e+00  1.75438513e+00 
 2.00000000e-02  2.00000000e-02  0.00000000e+00  1.77015685e+00 
 3.00000000e-02  3.00000000e-02  0.00000000e+00  1.77888912e+00 
 4.00000000e-02  4.00000000e-02  0.00000000e+00  1.78346189e+00 
 5.00000000e-02  5.00000000e-02  0.00000000e+00  1.78693707e+00 
 6.00000000e-02  6.00000000e-02  0.00000000e+00  1.78975640e+00 
 7.00000000e-02  7.00000000e-02  0.00000000e+00  1.79194932e+00 
 8.00000000e-02  8.00000000e-02  0.00000000e+00  1.79367198e+00 
 9.00000000e-02  9.00000000e-02  0.00000000e+00  1.79504060e+00 
 1.00000000e-01  1.00000000e-01  0.00000000e+00  1.79613242e+00 
 1.10000000e-01  1.10000000e-01  0.00000000e+00  1.79700318e+00 
 1.20000000e-01  1.20000000e-01  0.00000000e+00  1.79769492e+00 
 1.30000000e-01  1.30000000e-01  0.00000000e+00  1.79824029e+00 
 1.40000000e-01  1.40000000e-01  0.00000000e+00  1.79866547e+00 
 1.50000000e-01  1.50000000e-01  0.00000000e+00  1.79899216e+00 
 1.60000000e-01  1.60000000e-01  0.00000000e+00  1.79923889e+00 
 1.70000000e-01  1.70000000e-01  0.00000000e+00  1.79942183e+00 
 1.80000000e-01  1.80000000e-01  0.00000000e+00  1.79955510e+00 
 1.90000000e-01  1.90000000e-01  0.00000000e+00  1.79965080e+00 
 2.00000000e-01  2.00000000e-01  0.00000000e+00  1.79971887e+00 
 2.10000000e-01  2.10000000e-01  0.00000000e+00  1.79976710e+00 
 2.20000000e-01  2.20000000e-01  0.00000000e+00  1.79980128e+00 
 2.30000000e-01  2.30000000e-01  0.00000000e+00  1.79982562e+00 
 2.40000000e-01  2.40000000e-01  0.00000000e+00  1.79984304e+00 
 2.50000000e-01  2.50000000e-01  0.00000000e+00  1.79985559e+00 
 2.60000000e-01  2.60000000e-01  0.00000000e+00  1.79986469e+00 
 2.70000000e-01  2.70000000e-01  0.00000000e+00  1.79987130e+00 
 2.80000000e-01  2.80000000e-01  0.00000000e+00  1.79987613e+00 
 2.90000000e-01  2.90000000e-01  0.00000000e+00  1.79987966e+00 
 3.00000000e-01  3.00000000e-01  0.00000000e+00  1.79988225e+00 
 3.10000000e-01  3.10000000e-01  0.00000000e+00  1.79988414e+00 
 3.20000000e-01  3.20000000e-01  0.00000000e+00  1.79988553e+00 
 3.30000000e-01  3.30000000e-01  0.00000000e+00  1.79988655e+00 
 3.40000000e-01  3.40000000e-01  0.00000000e+00  1.79988729e+00 
 3.50000000e-01  3.50000000e-01  0.00000000e+00  1.79988783e+00 
 3.60000000e-01  3.60000000e-01  0.00000000e+00  1.79988823e+00 
 3.70000000e-01  3.70000000e-01  0.00000000e+00  1.79988852e+00 
 3.80000000e-01  3.80000000e-01  0.00000000e+00  1.79988873e+00 
 3.90000000e-01  3.90000000e-01  0.00000000e+00  1.79988889e+00 
 4.00000000e-01  4.00000000e-01  0.00000000e+00  1.79988900e+00 
 4.10000000e-01  4.10000000e-01  0.00000000e+00  1.79988908e+00 
 4.20000000e-01  4.20000000e-01  0.00000000e+00  1.79988914e+00 
 4.30000000e-01  4.30000000e-01  0.00000000e+00  1.79988918e+00 
 4.40000000e-01  4.40000000e-01  0.00000000e+00  1.79988921e+00 
 4.50000000e-01  4.50000000e-01  0.00000000e+00  1.79988924e+00 
 4.60000000e-01  4.60000000e-01  0.00000000e+00  1.79988925e+00 
 4.70000000e-01  4.70000000e-01  0.00000000e+00  1.79988926e+00 
 4.80000000e-01  4.80000000e-01  0.00000000e+00  1.79988927e+00 
 4.90000000e-01  4.90000000e-01  0.00000000e+00  1.79988928e+00 
 5.00000000e-01  5.00000000e-01  0.00000000e+00  1.79988928e+00 
 5.10000000e-01  5.10000000e-01  0.00000000e+00  1.79988929e+00 
 5.20000000e-01  5.20000000e-01  0.00000000e+00  1.79988929e+00 
 5.30000000e-01  5.30000000e-01  0.00000000e+00  1.79988929e+00 
 5.40000000e-01  5.40000000e-01  0.00000000e+00  1.79988929e+00 
 5.50000000e-01  5.50000000e-01  0.00000000e+00  1.79988929e+00 
 5.60000000e-01  5.60000000e-01  0.00000000e+00  1.79988930e+00 
 5.70000000e-01  5.70000000e-01  0.00000000e+00  1.79988929e+00 
 5.80000000e-01  5.80000000e-01  0.00000000e+00  1.79988930e+00 
 5.90000000e-01  5.90000000e-01  0.00000000e+00  1.79988930e+00 
 6.00000000e-01  6.00000000e-01  0.00000000e+00  1.79988930e+00 
 6.10000000e-01  6.10000000e-01  0.00000000e+00  1.79988930e+00 
 6.20000000e-01  6.20000000e-01  0.00000000e+00  1.79988930e+00 
 6.30000000e-01  6.30000000e-01  0.00000000e+00  1.79988930e+00 
 6.40000000e-01  6.40000000e-01  0.00000000e+00  1.79988930e+00 
 6.50000000e-01  6.50000000e-01  0.00000000e+00  1.79988930e+00 
 6.60000000e-01  6.60000000e-01  0.00000000e+00  1.79988930e+00 
 6.70000000e-01  6.70000000e-01  0.00000000e+00  1.79988930e+00 
 6.80000000e-01  6.80000000e-01  0.00000000e+00  1.79988930e+00 
 6.90000000e-01  6.90000000e-01  0.00000000e+00  1.79988929e+00 
 7.00000000e-01  7.00000000e-01  0.00000000e+00  1.79988930e+00 
 7.10000000e-01  7.10000000e-01  0.00000000e+00  1.79988930e+00 
 7.20000000e-01  7.20000000e-01  0.00000000e+00  1.79988930e+00 
 7.30000000e-01  7.30000000e-01  0.00000000e+00  1.79988930e+00 
 7.40000000e-01  7.40000000e-01  0.00000000e+00  1.79988930e+00 
 7.50000000e-01  7.50000000e-01  0.00000000e+00  1.79988930e+00 
 7.60000000e-01  7.60000000e-01  0.00000000e+00  1.79988930e+00 
 7.70000000e-01  7.70000000e-01  0.00000000e+00  1.79988930e+00 
 7.80000000e-01  7.80000000e-01  0.00000000e+00  1.79988930e+00 
 7.90000000e-01  7.90000000e-01  0.00000000e+00  1.79988930e+00 
 8.00000000e-01  8.00000000e-01  0.00000000e+00  1.79988930e+00 
 8.10000000e-01  8.10000000e-01  0.00000000e+00  1.79988930e+00 
 8.20000000e-01  8.20000000e-01  0.00000000e+00  1.79988930e+00 
 8.30000000e-01  8.30000000e-01  0.00000000e+00  1.79988930e+00 
 8.40000000e-01  8.40000000e-01  0.00000000e+00  1.79988930e+00 
 8.50000000e-01  8.50000000e-01  0.00000000e+00  1.79988930e+00 
 8.60000000e-01  8.60000000e-01  0.00000000e+00  1.79988930e+00 
 8.70000000e-01  8.70000000e-01  0.00000000e+00  1.79988930e+00 
 8.80000000e-01  8.80000000e-01  0.00000000e+00  1.79988930e+00 
 8.90000000e-01  8.90000000e-01  0.00000000e+00  1.79988930e+00 
 9.00000000e-01  9.00000000e-01  0.00000000e+00  1.79988929e+00 
 9.10000000e-01  9.10000000e-01  0.00000000e+00  1.79988930e+00 
 9.20000000e-01  9.20000000e-01  0.00000000e+00  1.79988930e+00 
 9.30000000e-01  9.30000000e-01  0.00000000e+00  1.79988930e+00 
 9.40000000e-01  9.40000000e-01  0.00000000e+00  1.79988930e+00 
 9.50000000e-01  9.50000000e-01  0.00000000e+00  1.79988930e+00 
 9.60000000e-01  9.60000000e-01  0.00000000e+00  1.79988930e+00 
 9.70000000e-01  9.70000000e-01  0.00000000e+00  1.79988930e+00 
 9.80000000e-01  9.80000000e-01  0.00000000e+00  1.79988929e+00 
 9.90000000e-01  9.90000000e-01  0.00000000e+00  1.79988930e+00 
 1.00000000e+00  1.00000000e+00  0.00000000e+00  1.79988930e+00 
 1.01000000e+00  1.01000000e+00  0.00000000e+00  1.79988930e+00 
 1.02000000e+00  1.02000000e+00  0.00000000e+00  1.79988930e+00 
 1.03000000e+00  1.03000000e+00  0.00000000e+00  1.79988930e+00 
 1.04000000e+00  1.04000000e+00  0.00000000e+00  1.79988930e+00 
 1.05000000e+00  1.05000000e+00  0.00000000e+00  1.79988930e+00 
 1.06000000e+00  1.06000000e+00  0.00000000e+00  1.79988929e+00 
 1.07000000e+00  1.07000000e+00  0.00000000e+00  1.79988930e+00 
 1.08000000e+00  1.08000000e+00  0.00000000e+00  1.79988930e+00 
 1.09000000e+00  1.09000000e+00  0.00000000e+00  1.79988930e+00 
 1.10000000e+00  1.10000000e+00  0.00000000e+00  1.79988930e+00 
 1.11000000e+00  1.11000000e+00  0.00000000e+00  1.79988930e+00 
 1.12000000e+00  1.12000000e+00  0.00000000e+00  1.79988930e+00 
 1.13000000e+00  1.13000000e+00  0.00000000e+00  1.79988930e+00 
 1.14000000e+00  1.14000000e+00  0.00000000e+00  1.79988930e+00 
 1.15000000e+00  1.15000000e+00  0.00000000e+00  1.79988930e+00 
 1.16000000e+00  1.16000000e+00  0.00000000e+00  1.79988930e+00 
 1.17000000e+00  1.17000000e+00  0.00000000e+00  1.79988930e+00 
 1.18000000e+00  1.18000000e+00  0.00000000e+00  1.79988930e+00 
 1.19000000e+00  1.19000000e+00  0.00000000e+00  1.79988930e+00 
 1.20000000e+00  1.20000000e+00  0.00000000e+00  1.79988930e+00 
 1.21000000e+00  1.21000000e+00  0.00000000e+00  1.79988930e+00 
 1.22000000e+00  1.22000000e+00  0.00000000e+00  1.79988930e+00 
 1.23000000e+00  1.23000000e+00  0.00000000e+00  1.79988930e+00 
 1.24000000e+00  1.24000000e+00  0.00000000e+00  1.79988930e+00 
 1.25000000e+00  1.25000000e+00  0.00000000e+00  1.79988930e+00 
 1.26000000e+00  1.26000000e+00  0.00000000e+00  1.79988930e+00 
 1.27000000e+00  1.27000000e+00  0.00000000e+00  1.79988930e+00 
 1.28000000e+00  1.28000000e+00  0.00000000e+00  1.79988930e+00 
 1.29000000e+00  1.29000000e+00  0.00000000e+00  1.79988930e+00 
 1.30000000e+00  1.30000000e+00  0.00000000e+00  1.79988930e+00 
 1.31000000e+00  1.31000000e+00  0.00000000e+00  1.79988929e+00 
 1.32000000e+00  1.32000000e+00  0.00000000e+00  1.79988930e+00 
 1.33000000e+00  1.33000000e+00  0.00000000e+00  1.79988930e+00 
 1.34000000e+00  1.34000000e+00  0.00000000e+00  1.79988930e+00 
 1.35000000e+00  1.35000000e+00  0.00000000e+00  1.79988930e+00 
 1.36000000e+00  1.36000000e+00  0.00000000e+00  1.79988930e+00 
 1.37000000e+00  1.37000000e+00  0.00000000e+00  1.79988930e+00 
 1.38000000e+00  1.38000000e+00  0.00000000e+00  1.79988930e+00 
 1.39000000e+00  1.39000000e+00  0.00000000e+00  1.79988930e+00 
 1.40000000e+00  1.40000000e+00  0.00000000e+00  1.79988930e+00 
 1.41000000e+00  1.41000000e+00  0.00000000e+00  1.79988930e+00 
 1.42000000e+00  1.42000000e+00  0.00000000e+00  1.79988930e+00 
 1.43000000e+00  1.43000000e+00  0.00000000e+00  1.79988930e+00 
 1.44000000e+00  1.44000000e+00  0.00000000e+00  1.79988930e+00 
 1.45000000e+00  1.45000000e+00  0.00000000e+00  1.79988930e+00 
 1.46000000e+00  1.46000000e+00  0.00000000e+00  1.79988930e+00 
 1.47000000e+00  1.47000000e+00  0.00000000e+00  1.79988930e+00 
 1.48000000e+00  1.48000000e+00  0.00000000e+00  1.79988930e+00 
 1.49000000e+00  1.49000000e+00  0.00000000e+00  1.79988930e+00 
 1.50000000e+00  1.50000000e+00  0.00000000e+00  1.79988930e+00 
 1.51000000e+00  1.51000000e+00  0.00000000e+00  1.79988930e+00 
 1.52000000e+00  1.52000000e+00  0.00000000e+00  1.79988930e+00 
 1.53000000e+00  1.53000000e+00  0.00000000e+00  1.79988930e+00 
 1.54000000e+00  1.54000000e+00  0.00000000e+00  1.79988930e+00 
 1.55000000e+00  1.55000000e+00  0.00000000e+00  1.79988930e+00 
 1.56000000e+00  1.56000000e+00  0.00000000e+00  1.79988930e+00 
 1.57000000e+00  1.57000000e+00  0.00000000e+00  1.79988930e+00 
 1.58000000e+00  1.58000000e+00  0.00000000e+00  1.79988930e+00 
 1.59000000e+00  1.59000000e+00  0.00000000e+00  1.79988930e+00 
 1.60000000e+00  1.60000000e+00  0.00000000e+00  1.79988930e+00 
 1.61000000e+00  1.61000000e+00  0.00000000e+00  1.79988930e+00 
 1.62000000e+00  1.62000000e+00  0.00000000e+00  1.79988930e+00 
 1.63000000e+00  1.63000000e+00  0.00000000e+00  1.79988930e+00 
 1.64000000e+00  1.64000000e+00  0.00000000e+00  1.79988930e+00 
 1.65000000e+00  1.65000000e+00  0.00000000e+00  1.79988930e+00 
 1.66000000e+00  1.66000000e+00  0.00000000e+00  1.79988930e+00 
 1.67000000e+00  1.67000000e+00  0.00000000e+00  1.79988929e+00 
 1.68000000e+00  1.68000000e+00  0.00000000e+00  1.79988930e+00 
 1.69000000e+00  1.69000000e+00  0.00000000e+00  1.79988930e+00 
 1.70000000e+00  1.70000000e+00  0.00000000e+00  1.79988930e+00 
 1.71000000e+00  1.71000000e+00  0.00000000e+00  1.79988930e+00 
 1.72000000e+00  1.72000000e+00  0.00000000e+00  1.79988930e+00 
 1.73000000e+00  1.73000000e+00  0.00000000e+00  1.79988930e+00 
 1.74000000e+00  1.74000000e+00  0.00000000e+00  1.79988930e+00 
 1.75000000e+00  1.75000000e+00  0.00000000e+00  1.79988930e+00 
 1.76000000e+00  1.76000000e+00  0.00000000e+00  1.79988930e+00 
 1.77000000e+00  1.77000000e+00  0.00000000e+00  1.79988930e+00 
 1.78000000e+00  1.78000000e+00  0.00000000e+00  1.79988930e+00 
 1.79000000e+00  1.79000000e+00  0.00000000e+00  1.79988930e+00 
 1.80000000e+00  1.80000000e+00  0.00000000e+00  1.79988930e+00 
 0.00000000e+00  0.00000000e+00  3.00000000e-01  1.24198365e-04 
 1.00000000e-02  1.00000000e-02  3.00000000e-01  1.43380312e-04 
 2.00000000e-02  2.00000000e-02  3.00000000e-01  1.67283064e-04 
 3.00000000e-02  3.00000000e-02  3.00000000e-01  1.97376246e-04 
 4.00000000e-02  4.00000000e-02  3.00000000e-01  2.35592301e-04 
 5.00000000e-02  5.00000000e-02  3.00000000e-01  2.84459233e-04 
 6.00000000e-02  6.00000000e-02  3.00000000e-01  3.47250387e-04 
 7.00000000e-02  7.00000000e-02  3.00000000e-01  4.28214954e-04 
 8.00000000e-02  8.00000000e-02  3.00000000e-01  5.32780228e-04 
 9.00000000e-02  9.00000000e-02  3.00000000e-01  6.67830772e-04 
 1.00000000e-01  1.00000000e-01  3.00000000e-01  8.41970738e-04 
 1.10000000e-01  1.10000000e-01  3.00000000e-01  1.06575992e-03 
 1.20000000e-01  1.20000000e-01  3.00000000e-01  1.35190774e-03 
 1.30000000e-01  1.30000000e-01  3.00000000e-01  1.71537461e-03 
 1.40000000e-01  1.40000000e-01  3.00000000e-01  2.17345448e-03 
 1.50000000e-01  1.50000000e-01  3.00000000e-01  2.74589402e-03 
 1.60000000e-01  1.60000000e-01  3.00000000e-01  3.45511599e-03 
 1.70000000e-01  1.70000000e-01  3.00000000e-01  4.32668775e-03 
 1.80000000e-01  1.80000000e-01  3.00000000e-01  5.39008222e-03 
 1.90000000e-01  1.90000000e-01  3.00000000e-01  6.67983769e-03 
 2.00000000e-01  2.00000000e-01  3.00000000e-01  8.23746567e-03 
 2.10000000e-01  2.10000000e-01  3.00000000e-01  1.01143895e-02 
 2.20000000e-01  2.20000000e-01  3.00000000e-01  1.23770256e-02 
 2.30000000e-01  2.30000000e-01  3.00000000e-01  1.51157193e-02 
 2.40000000e-01  2.40000000e-01  3.00000000e-01  1.84620660e-02 
 2.50000000e-01  2.50000000e-01  3.00000000e-01  2.26249478e-02 
 2.60000000e-01  2.60000000e-01  3.00000000e-01  2.80041523e-02 
 2.70000000e-01  2.70000000e-01  3.00000000e-01  3.53611844e-02 
 2.80000000e-01  2.80000000e-01  3.00000000e-01  4.68324551e-02 
 2.90000000e-01  2.90000000e-01  3.00000000e-01  7.10974585e-02 
 3.00000000e-01  3.00000000e-01  3.00000000e-01  9.91378940e-01 
 3.10000000e-01  3.10000000e-01  3.00000000e-01  1.75332270e+00 
 3.20000000e-01  3.20000000e-01  3.00000000e-01  1.76874778e+00 
 3.30000000e-01  3.30000000e-01  3.00000000e-01  1.77746138e+00 
 3.40000000e-01  3.40000000e-01  3.00000000e-01  1.78215034e+00 
 3.50000000e-01  3.50000000e-01  3.00000000e-01  1.78569358e+00 
 3.60000000e-01  3.60000000e-01  3.00000000e-01  1.78855703e+00 
 3.70000000e-01  3.70000000e-01  3.00000000e-01  1.79079143e+00 
 3.80000000e-01  3.80000000e-01  3.00000000e-01  1.79255347e+00 
 3.90000000e-01  3.90000000e-01  3.00000000e-01  1.79395959e+00 
 4.00000000e-01  4.00000000e-01  3.00000000e-01  1.79508780e+00 
 4.10000000e-01  4.10000000e-01  3.00000000e-01  1.79599469e+00 
 4.20000000e-01  4.20000000e-01  3.00000000e-01  1.79672317e+00 
 4.30000000e-01  4.30000000e-01  3.00000000e-01  1.79730668e+00 
 4.40000000e-01  4.40000000e-01  3.00000000e-01  1.79777196e+00 
 4.50000000e-01  4.50000000e-01  3.00000000e-01  1.79814084e+00 
 4.60000000e-01  4.60000000e-01  3.00000000e-01  1.79843138e+00 
 4.70000000e-01  4.70000000e-01  3.00000000e-01  1.79865869e+00 
 4.80000000e-01  4.80000000e-01  3.00000000e-01  1.79883536e+00 
 4.90000000e-01  4.90000000e-01  3.00000000e-01  1.79897184e+00 
 5.00000000e-01  5.00000000e-01  3.00000000e-01  1.79907670e+00 
 5.10000000e-01  5.10000000e-01  3.00000000e-01  1.79915692e+00 
 5.20000000e-01  5.20000000e-01  3.00000000e-01  1.79921801e+00 
 5.30000000e-01  5.30000000e-01  3.00000000e-01  1.79926439e+00 
 5.40000000e-01  5.40000000e-01  3.00000000e-01  1.79929948e+00 
 5.50000000e-01  5.50000000e-01  3.00000000e-01  1.79932595e+00 
 5.60000000e-01  5.60000000e-01  3.00000000e-01  1.79934585e+00 
 5.70000000e-01  5.70000000e-01  3.00000000e-01  1.79936077e+00 
 5.80000000e-01  5.80000000e-01  3.00000000e-01  1.79937192e+00 
 5.90000000e-01  5.90000000e-01  3.00000000e-01  1.79938024e+00 
 6.00000000e-01  6.00000000e-01  3.00000000e-01  1.79938642e+00 
 6.10000000e-01  6.10000000e-01  3.00000000e-01  1.79939101e+00 
 6.20000000e-01  6.20000000e-01  3.00000000e-01  1.79939440e+00 
 6.30000000e-01  6.30000000e-01  3.00000000e-01  1.79939691e+00 
 6.40000000e-01  6.40000000e-01  3.00000000e-01  1.79939875e+00 
 6.50000000e-01  6.50000000e-01  3.00000000e-01  1.79940011e+00 
 6.60000000e-01  6.60000000e-01  3.00000000e-01  1.79940111e+00 
 6.70000000e-01  6.70000000e-01  3.00000000e-01  1.79940184e+00 
 6.80000000e-01  6.80000000e-01  3.00000000e-01  1.79940238e+00 
 6.90000000e-01  6.90000000e-01  3.00000000e-01  1.79940277e+00 
 7.00000000e-01  7.00000000e-01  3.00000000e-01  1.79940306e+00 
 7.10000000e-01  7.10000000e-01  3.00000000e-01  1.79940326e+00 
 7.20000000e-01  7.20000000e-01  3.00000000e-01  1.79940342e+00 
 7.30000000e-01  7.30000000e-01  3.00000000e-01  1.79940353e+00 
 7.40000000e-01  7.40000000e-01  3.00000000e-01  1.79940361e+00 
 7.50000000e-01  7.50000000e-01  3.00000000e-01  1.79940367e+00 
 7.60000000e-01  7.60000000e-01  3.00000000e-01  1.79940371e+00 
 7.70000000e-01  7.70000000e-01  3.00000000e-01  1.79940374e+00 
 7.80000000e-01  7.80000000e-01  3.00000000e-01  1.79940377e+00 
 7.90000000e-01  7.90000000e-01  3.00000000e-01  1.79940378e+00 
 8.00000000e-01  8.00000000e-01  3.00000000e-01  1.79940379e+00 
 8.10000000e-01  8.10000000e-01  3.00000000e-01  1.79940380e+00 
 8.20000000e-01  8.20000000e-01  3.00000000e-01  1.79940381e+00 
 8.30000000e-01  8.30000000e-01  3.00000000e-01  1.79940382e+00 
 8.40000000e-01  8.40000000e-01  3.00000000e-01  1.79940382e+00 
 8.50000000e-01  8.50000000e-01  3.00000000e-01  1.79940382e+00 
 8.60000000e-01  8.60000000e-01  3.00000000e-01  1.79940382e+00 
 8.70000000e-01  8.70000000e-01  3.00000000e-01  1.79940382e+00 
 8.80000000e-01  8.80000000e-01  3.00000000e-01  1.79940383e+00 
 8.90000000e-01  8.90000000e-01  3.00000000e-01  1.79940383e+00 
 9.00000000e-01  9.00000000e-01  3.00000000e-01  1.79940383e+00 
 9.10000000e-01  9.10000000e-01  3.00000000e-01  1.79940383e+00 
 9.20000000e-01  9.20000000e-01  3.00000000e-01  1.79940383e+00 
 9.30000000e-01  9.30000000e-01  3.00000000e-01  1.79940383e+00 
 9.40000000e-01  9.40000000e-01  3.00000000e-01  1.79940383e+00 
 9.50000000e-01  9.50000000e-01  3.00000000e-01  1.79940383e+00 
 9.60000000e-01  9.60000000e-01  3.00000000e-01  1.79940382e+00 
 9.70000000e-01  9.70000000e-01  3.00000000e-01  1.79940382e+00 
 9.80000000e-01  9.80000000e-01  3.00000000e-01  1.79940383e+00 
 9.90000000e-01  9.90000000e-01  3.00000000e-01  1.79940383e+00 
 1.00000000e+00  1.00000000e+00  3.00000000e-01  1.79940383e+00 
 1.01000000e+00  1.01000000e+00  3.00000000e-01  1.79940383e+00 
 1.02000000e+00  1.02000000e+00  3.00000000e-01  1.79940383e+00 
 1.03000000e+00  1.03000000e+00  3.00000000e-01  1.79940383e+00 
 1.04000000e+00  1.04000000e+00  3.00000000e-01  1.79940383e+00 
 1.05000000e+00  1.05000000e+00  3.00000000e-01  1.79940383e+00 
 1.06000000e+00  1.06000000e+00  3.00000000e-01  1.79940383e+00 
 1.07000000e+00  1.07000000e+00  3.00000000e-01  1.79940383e+00 
 1.08000000e+00  1.08000000e+00  3.00000000e-01  1.79940383e+00 
 1.09000000e+00  1.09000000e+00  3.00000000e-01  1.79940383e+00 
 1.10000000e+00  1.10000000e+00  3.00000000e-01  1.79940383e+00 
 1.11000000e+00  1.11000000e+00  3.00000000e-01  1.79940383e+00 
 1.12000000e+00  1.12000000e+00  3.00000000e-01  1.79940383e+00 
 1.13000000e+00  1.13000000e+00  3.00000000e-01  1.79940383e+00 
 1.14000000e+00  1.14000000e+00  3.00000000e-01  1.79940383e+00 
 1.15000000e+00  1.15000000e+00  3.00000000e-01  1.79940383e+00 
 1.16000000e+00  1.16000000e+00  3.00000000e-01  1.79940383e+00 
 1.17000000e+00  1.17000000e+00  3.00000000e-01  1.79940383e+00 
 1.18000000e+00  1.18000000e+00  3.00000000e-01  1.79940383e+00 
 1.19000000e+00  1.19000000e+00  3.00000000e-01  1.79940383e+00 
 1.20000000e+00  1.20000000e+00  3.00000000e-01  1.79940383e+00 
 1.21000000e+00  1.21000000e+00  3.00000000e-01  1.79940383e+00 
 1.22000000e+00  1.22000000e+00  3.00000000e-01  1.79940383e+00 
 1.23000000e+00  1.23000000e+00  3.00000000e-01  1.79940382e+00 
 1.24000000e+00  1.24000000e+00  3.00000000e-01  1.79940383e+00 
 1.25000000e+00  1.25000000e+00  3.00000000e-01  1.79940383e+00 
 1.26000000e+00  1.26000000e+00  3.00000000e-01  1.79940383e+00 
 1.27000000e+00  1.27000000e+00  3.00000000e-01  1.79940383e+00 
 1.28000000e+00  1.28000000e+00  3.00000000e-01  1.79940383e+00 
 1.29000000e+00  1.29000000e+00  3.00000000e-01  1.79940383e+00 
 1.30000000e+00  1.30000000e+00  3.00000000e-01  1.79940382e+00 
 1.31000000e+00  1.31000000e+00  3.00000000e-01  1.79940383e+00 
 1.32000000e+00  1.32000000e+00  3.00000000e-01  1.79940383e+00 
 1.33000000e+00  1.33000000e+00  3.00000000e-01  1.79940383e+00 
 1.34000000e+00  1.34000000e+00  3.00000000e-01  1.79940383e+00 
 1.35000000e+00  1.35000000e+00  3.00000000e-01  1.79940383e+00 
 1.36000000e+00  1.36000000e+00  3.00000000e-01  1.79940383e+00 
 1.37000000e+00  1.37000000e+00  3.00000000e-01  1.79940383e+00 
 1.38000000e+00  1.38000000e+00  3.00000000e-01  1.79940383e+00 
 1.39000000e+00  1.39000000e+00  3.00000000e-01  1.79940383e+00 
 1.40000000e+00  1.40000000e+00  3.00000000e-01  1.79940382e+00 
 1.41000000e+00  1.41000000e+00  3.00000000e-01  1.79940383e+00 
 1.42000000e+00  1.42000000e+00  3.00000000e-01  1.79940383e+00 
 1.43000000e+00  1.43000000e+00  3.00000000e-01  1.79940383e+00 
 1.44000000e+00  1.44000000e+00  3.00000000e-01  1.79940383e+00 
 1.45000000e+00  1.45000000e+00  3.00000000e-01  1.79940383e+00 
 1.46000000e+00  1.46000000e+00  3.00000000e-01  1.79940383e+00 
 1.47000000e+00  1.47000000e+00  3.00000000e-01  1.79940383e+00 
 1.48000000e+00  1.48000000e+00  3.00000000e-01  1.79940383e+00 
 1.49000000e+00  1.49000000e+00  3.00000000e-01  1.79940383e+00 
 1.50000000e+00  1.50000000e+00  3.00000000e-01  1.79940383e+00 
 1.51000000e+00  1.51000000e+00  3.00000000e-01  1.79940383e+00 
 1.52000000e+00  1.52000000e+00  3.00000000e-01  1.79940383e+00 
 1.53000000e+00  1.53000000e+00  3.00000000e-01  1.79940383e+00 
 1.54000000e+00  1.54000000e+00  3.00000000e-01  1.79940383e+00 
 1.55000000e+00  1.55000000e+00  3.00000000e-01  1.79940383e+00 
 1.56000000e+00  1.56000000e+00  3.00000000e-01  1.79940383e+00 
 1.57000000e+00  1.57000000e+00  3.00000000e-01  1.79940383e+00 
 1.58000000e+00  1.58000000e+00  3.00000000e-01  1.79940383e+00 
 1.59000000e+00  1.59000000e+00  3.00000000e-01  1.79940383e+00 
 1.60000000e+00  1.60000000e+00  3.00000000e-01  1.79940383e+00 
 1.61000000e+00  1.61000000e+00  3.00000000e-01  1.79940383e+00 
 1.62000000e+00  1.62000000e+00  3.00000000e-01  1.79940382e+00 
 1.63000000e+00  1.63000000e+00  3.00000000e-01  1.79940382e+00 
 1.64000000e+00  1.64000000e+00  3.00000000e-01  1.79940382e+00 
 1.65000000e+00  1.65000000e+00  3.00000000e-01  1.79940383e+00 
 1.66000000e+00  1.66000000e+00  3.00000000e-01  1.79940383e+00 
 1.67000000e+00  1.67000000e+00  3.00000000e-01  1.79940383e+00 
 1.68000000e+00  1.68000000e+00  3.00000000e-01  1.79940383e+00 
 1.69000000e+00  1.69000000e+00  3.00000000e-01  1.79940382e+00 
 1.70000000e+00  1.70000000e+00  3.00000000e-01  1.79940383e+00 
 1.71000000e+00  1.71000000e+00  3.00000000e-01  1.79940383e+00 
 1.72000000e+00  1.72000000e+00  3.00000000e-01  1.79940383e+00 
 1.73000000e+00  1.73000000e+00  3.00000000e-01  1.79940383e+00 
 1.74000000e+00  1.74000000e+00  3.00000000e-01  1.79940383e+00 
 1.75000000e+00  1.75000000e+00  3.00000000e-01  1.79940383e+00 
 1.76000000e+00  1.76000000e+00  3.00000000e-01  1.79940383e+00 
 1.77000000e+00  1.77000000e+00  3.00000000e-01  1.79940382e+00 
 1.78000000e+00  1.78000000e+00  3.00000000e-01  1.79940383e+00 
 1.79000000e+00  1.79000000e+00  3.00000000e-01  1.79940383e+00 
 1.80000000e+00  1.80000000e+00  3.00000000e-01  1.79940383e+00 
 0.00000000e+00  0.00000000e+00  6.00000000e-01  9.17512727e-05 
 1.00000000e-02  1.00000000e-02  6.00000000e-01  9.87281267e-05 
 2.00000000e-02  2.00000000e-02  6.00000000e-01  1.06547532e-04 
 3.00000000e-02  3.00000000e-02  6.00000000e-01  1.14601689e-04 
 4.00000000e-02  4.00000000e-02  6.00000000e-01  1.23104310e-04 
 5.00000000e-02  5.00000000e-02  6.00000000e-01  1.32068461e-04 
 6.00000000e-02  6.00000000e-02  6.00000000e-01  1.41499989e-04 
 7.00000000e-02  7.00000000e-02  6.00000000e-01  1.51406112e-04 
 8.00000000e-02  8.00000000e-02  6.00000000e-01  1.61795466e-04 
 9.00000000e-02  9.00000000e-02  6.00000000e-01  1.72673937e-04 
 1.00000000e-01  1.00000000e-01  6.00000000e-01  1.84046827e-04 
 1.10000000e-01  1.10000000e-01  6.00000000e-01  1.95921330e-04 
 1.20000000e-01  1.20000000e-01  6.00000000e-01  2.08295999e-04 
 1.30000000e-01  1.30000000e-01  6.00000000e-01  2.21182048e-04 
 1.40000000e-01  1.40000000e-01  6.00000000e-01  2.34583567e-04 
 1.50000000e-01  1.50000000e-01  6.00000000e-01  2.48504380e-04 
 1.60000000e-01  1.60000000e-01  6.00000000e-01  2.62960698e-04 
 1.70000000e-01  1.70000000e-01  6.00000000e-01  2.77958409e-04 
 1.80000000e-01  1.80000000e-01  6.00000000e-01  2.93519487e-04 
 1.90000000e-01  1.90000000e-01  6.00000000e-01  3.09661905e-04 
 2.00000000e-01  2.00000000e-01  6.00000000e-01  3.26424458e-04 
 2.10000000e-01  2.10000000e-01  6.00000000e-01  3.43854954e-04 
 2.20000000e-01  2.20000000e-01  6.00000000e-01  3.62010220e-04 
 2.30000000e-01  2.30000000e-01  6.00000000e-01  3.80979855e-04 
 2.40000000e-01  2.40000000e-01  6.00000000e-01  4.00887591e-04 
 2.50000000e-01  2.50000000e-01  6.00000000e-01  4.21896457e-04 
 2.60000000e-01  2.60000000e-01  6.00000000e-01  4.44226802e-04 
 2.70000000e-01  2.70000000e-01  6.00000000e-01  4.68184694e-04 
 2.80000000e-01  2.80000000e-01  6.00000000e-01  4.94179883e-04 
 2.90000000e-01  2.90000000e-01  6.00000000e-01  5.22750699e-04 
 3.00000000e-01  3.00000000e-01  6.00000000e-01  5.54629966e-04 
 3.10000000e-01  3.10000000e-01  6.00000000e-01  5.90770917e-04 
 3.20000000e-01  3.20000000e-01  6.00000000e-01  6.32433405e-04 
 3.30000000e-01  3.30000000e-01  6.00000000e-01  6.81267969e-04 
 3.40000000e-01  3.40000000e-01  6.00000000e-01  7.39396396e-04 
 3.50000000e-01  3.50000000e-01  6.00000000e-01  8.09565957e-04 
 3.60000000e-01  3.60000000e-01  6.00000000e-01  8.95247623e-04 
 3.70000000e-01  3.70000000e-01  6.00000000e-01  1.00084511e-03 
 3.80000000e-01  3.80000000e-01  6.00000000e-01  1.13183165e-03 
 3.90000000e-01  3.90000000e-01  6.00000000e-01  1.29498314e-03 
 4.00000000e-01  4.00000000e-01  6.00000000e-01  1.49855964e-03 
 4.10000000e-01  4.10000000e-01  6.00000000e-01  1.75254593e-03 
 4.20000000e-01  4.20000000e-01  6.00000000e-01  2.06884238e-03 
 4.30000000e-01  4.30000000e-01  6.00000000e-01  2.46148708e-03 
 4.40000000e-01  4.40000000e-01  6.00000000e-01  2.94689054e-03 
 4.50000000e-01  4.50000000e-01  6.00000000e-01  3.54406719e-03 
 4.60000000e-01  4.60000000e-01  6.00000000e-01  4.27497170e-03 
 4.70000000e-01  4.70000000e-01  6.00000000e-01  5.16498043e-03 
 4.80000000e-01  4.80000000e-01  6.00000000e-01  6.24357927e-03 
 4.90000000e-01  4.90000000e-01  6.00000000e-01  7.54549738e-03 
 5.00000000e-01  5.00000000e-01  6.00000000e-01  9.11249584e-03 
 5.10000000e-01  5.10000000e-01  6.00000000e-01  1.09963136e-02 
 5.20000000e-01  5.20000000e-01  6.00000000e-01  1.32637229e-02 
 5.30000000e-01  5.30000000e-01  6.00000000e-01  1.60056280e-02 
 5.40000000e-01  5.40000000e-01  6.00000000e-01  1.93546007e-02 
 5.50000000e-01  5.50000000e-01  6.00000000e-01  2.35215103e-02 
 5.60000000e-01  5.60000000e-01  6.00000000e-01  2.88813096e-02 
 5.70000000e-01  5.70000000e-01  6.00000000e-01  3.62938999e-02 
 5.80000000e-01  5.80000000e-01  6.00000000e-01  4.78309699e-02 
 5.90000000e-01  5.90000000e-01  6.00000000e-01  7.22110638e-02 
 6.00000000e-01  6.00000000e-01  6.00000000e-01  9.89263198e-01 
 6.10000000e-01  6.10000000e-01  6.00000000e-01  1.75111484e+00 
 6.20000000e-01  6.20000000e-01  6.00000000e-01  1.76711788e+00 
 6.30000000e-01  6.30000000e-01  6.00000000e-01  1.77601476e+00 
 6.40000000e-01  6.40000000e-01  6.00000000e-01  1.78067586e+00 
 6.50000000e-01  6.50000000e-01  6.00000000e-01  1.78423436e+00 
 6.60000000e-01  6.60000000e-01  6.00000000e-01  1.78714501e+00 
 6.70000000e-01  6.70000000e-01  6.00000000e-01  1.78942230e+00 
 6.80000000e-01  6.80000000e-01  6.00000000e-01  1.79122280e+00 
 6.90000000e-01  6.90000000e-01  6.00000000e-01  1.79266438e+00 
 7.00000000e-01  7.00000000e-01  6.00000000e-01  1.79382558e+00 
 7.10000000e-01  7.10000000e-01  6.00000000e-01  1.79476341e+00 
 7.20000000e-01  7.20000000e-01  6.00000000e-01  1.79552118e+00 
 7.30000000e-01  7.30000000e-01  6.00000000e-01  1.79613266e+00 
 7.40000000e-01  7.40000000e-01  6.00000000e-01  1.79662474e+00 
 7.50000000e-01  7.50000000e-01  6.00000000e-01  1.79701927e+00 
 7.60000000e-01  7.60000000e-01  6.00000000e-01  1.79733419e+00 
 7.70000000e-01  7.70000000e-01  6.00000000e-01  1.79758431e+00 
 7.80000000e-01  7.80000000e-01  6.00000000e-01  1.79778194e+00 
 7.90000000e-01  7.90000000e-01  6.00000000e-01  1.79793725e+00 
 8.00000000e-01  8.00000000e-01  6.00000000e-01  1.79805865e+00 
 8.10000000e-01  8.10000000e-01  6.00000000e-01  1.79815304e+00 
 8.20000000e-01  8.20000000e-01  6.00000000e-01  1.79822603e+00 
 8.30000000e-01  8.30000000e-01  6.00000000e-01  1.79828220e+00 
 8.40000000e-01  8.40000000e-01  6.00000000e-01  1.79832520e+00 
 8.50000000e-01  8.50000000e-01  6.00000000e-01  1.79835797e+00 
 8.60000000e-01  8.60000000e-01  6.00000000e-01  1.79838284e+00 
 8.70000000e-01  8.70000000e-01  6.00000000e-01  1.79840163e+00 
 8.80000000e-01  8.80000000e-01  6.00000000e-01  1.79841577e+00 
 8.90000000e-01  8.90000000e-01  6.00000000e-01  1.79842638e+00 
 9.00000000e-01  9.00000000e-01  6.00000000e-01  1.79843432e+00 
 9.10000000e-01  9.10000000e-01  6.00000000e-01  1.79844023e+00 
 9.20000000e-01  9.20000000e-01  6.00000000e-01  1.79844463e+00 
 9.30000000e-01  9.30000000e-01  6.00000000e-01  1.79844790e+00 
 9.40000000e-01  9.40000000e-01  6.00000000e-01  1.79845032e+00 
 9.50000000e-01  9.50000000e-01  6.00000000e-01  1.79845211e+00 
 9.60000000e-01  9.60000000e-01  6.00000000e-01  1.79845343e+00 
 9.70000000e-01  9.70000000e-01  6.00000000e-01  1.79845440e+00 
 9.80000000e-01  9.80000000e-01  6.00000000e-01  1.79845511e+00 
 9.90000000e-01  9.90000000e-01  6.00000000e-01  1.79845565e+00 
 1.00000000e+00  1.00000000e+00  6.00000000e-01  1.79845603e+00 
 1.01000000e+00  1.01000000e+00  6.00000000e-01  1.79845632e+00 
 1.02000000e+00  1.02000000e+00  6.00000000e-01  1.79845653e+00 
 1.03000000e+00  1.03000000e+00  6.00000000e-01  1.79845668e+00 
 1.04000000e+00  1.04000000e+00  6.00000000e-01  1.79845679e+00 
 1.05000000e+00  1.05000000e+00  6.00000000e-01  1.79845687e+00 
 1.06000000e+00  1.06000000e+00  6.00000000e-01  1.79845693e+00 
 1.07000000e+00  1.07000000e+00  6.00000000e-01  1.79845698e+00 
 1.08000000e+00  1.08000000e+00  6.00000000e-01  1.79845701e+00 
 1.09000000e+00  1.09000000e+00  6.00000000e-01  1.79845703e+00 
 1.10000000e+00  1.10000000e+00  6.00000000e-01  1.79845705e+00 
 1.11000000e+00  1.11000000e+00  6.00000000e-01  1.79845706e+00 
 1.12000000e+00  1.12000000e+00  6.00000000e-01  1.79845708e+00 
 1.13000000e+00  1.13000000e+00  6.00000000e-01  1.79845708e+00 
 1.14000000e+00  1.14000000e+00  6.00000000e-01  1.79845709e+00 
 1.15000000e+00  1.15000000e+00  6.00000000e-01  1.79845709e+00 
 1.16000000e+00  1.16000000e+00  6.00000000e-01  1.79845709e+00 
 1.17000000e+00  1.17000000e+00  6.00000000e-01  1.79845709e+00 
 1.18000000e+00  1.18000000e+00  6.00000000e-01  1.79845709e+00 
 1.19000000e+00  1.19000000e+00  6.00000000e-01  1.79845710e+00 
 1.20000000e+00  1.20000000e+00  6.00000000e-01  1.79845709e+00 
 1.21000000e+00  1.21000000e+00  6.00000000e-01  1.79845710e+00 
 1.22000000e+00  1.22000000e+00  6.00000000e-01  1.79845710e+00 
 1.23000000e+00  1.23000000e+00  6.00000000e-01  1.79845710e+00 
 1.24000000e+00  1.24000000e+00  6.00000000e-01  1.79845710e+00 
 1.25000000e+00  1.25000000e+00  6.00000000e-01  1.79845710e+00 
 1.26000000e+00  1.26000000e+00  6.00000000e-01  1.79845710e+00 
 1.27000000e+00  1.27000000e+00  6.00000000e-01  1.79845710e+00 
 1.28000000e+00  1.28000000e+00  6.00000000e-01  1.79845710e+00 
 1.29000000e+00  1.29000000e+00  6.00000000e-01  1.79845710e+00 
 1.30000000e+00  1.30000000e+00  6.00000000e-01  1.79845710e+00 
 1.31000000e+00  1.31000000e+00  6.00000000e-01  1.79845710e+00 
 1.32000000e+00  1.32000000e+00  6.00000000e-01  1.79845710e+00 
 1.33000000e+00  1.33000000e+00  6.00000000e-01  1.79845710e+00 
 1.34000000e+00  1.34000000e+00  6.00000000e-01  1.79845710e+00 
 1.35000000e+00  1.35000000e+00  6.00000000e-01  1.79845710e+00 
 1.36000000e+00  1.36000000e+00  6.00000000e-01  1.79845710e+00 
 1.37000000e+00  1.37000000e+00  6.00000000e-01  1.79845710e+00 
 1.38000000e+00  1.38000000e+00  6.00000000e-01  1.79845710e+00 
 1.39000000e+00  1.39000000e+00  6.00000000e-01  1.79845710e+00 
 1.40000000e+00  1.40000000e+00  6.00000000e-01  1.79845710e+00 
 1.41000000e+00  1.41000000e+00  6.00000000e-01  1.79845710e+00 
 1.42000000e+00  1.42000000e+00  6.00000000e-01  1.79845710e+00 
 1.43000000e+00  1.43000000e+00  6.00000000e-01  1.79845710e+00 
 1.44000000e+00  1.44000000e+00  6.00000000e-01  1.79845710e+00 
 1.45000000e+00  1.45000000e+00  6.00000000e-01  1.79845710e+00 
 1.46000000e+00  1.46000000e+00  6.00000000e-01  1.79845710e+00 
 1.47000000e+00  1.47000000e+00  6.00000000e-01  1.79845710e+00 
 1.48000000e+00  1.48000000e+00  6.00000000e-01  1.79845709e+00 
 1.49000000e+00  1.49000000e+00  6.00000000e-01  1.79845710e+00 
 1.50000000e+00  1.50000000e+00  6.00000000e-01  1.79845710e+00 
 1.51000000e+00  1.51000000e+00  6.00000000e-01  1.79845710e+00 
 1.52000000e+00  1.52000000e+00  6.00000000e-01  1.79845710e+00 
 1.53000000e+00  1.53000000e+00  6.00000000e-01  1.79845710e+00 
 1.54000000e+00  1.54000000e+00  6.00000000e-01  1.79845710e+00 
 1.55000000e+00  1.55000000e+00  6.00000000e-01  1.79845710e+00 
 1.56000000e+00  1.56000000e+00  6.00000000e-01  1.79845710e+00 
 1.57000000e+00  1.57000000e+00  6.00000000e-01  1.79845710e+00 
 1.58000000e+00  1.58000000e+00  6.00000000e-01  1.79845710e+00 
 1.59000000e+00  1.59000000e+00  6.00000000e-01  1.79845710e+00 
 1.60000000e+00  1.60000000e+00  6.00000000e-01  1.79845710e+00 
 1.61000000e+00  1.61000000e+00  6.00000000e-01  1.79845710e+00 
 1.62000000e+00  1.62000000e+00  6.00000000e-01  1.79845710e+00 
 1.63000000e+00  1.63000000e+00  6.00000000e-01  1.79845710e+00 
 1.64000000e+00  1.64000000e+00  6.00000000e-01  1.79845709e+00 
 1.65000000e+00  1.65000000e+00  6.00000000e-01  1.79845709e+00 
 1.66000000e+00  1.66000000e+00  6.00000000e-01  1.79845710e+00 
 1.67000000e+00  1.67000000e+00  6.00000000e-01  1.79845710e+00 
 1.68000000e+00  1.68000000e+00  6.00000000e-01  1.79845710e+00 
 1.69000000e+00  1.69000000e+00  6.00000000e-01  1.79845710e+00 
 1.70000000e+00  1.70000000e+00  6.00000000e-01  1.79845710e+00 
 1.71000000e+00  1.71000000e+00  6.00000000e-01  1.79845709e+00 
 1.72000000e+00  1.72000000e+00  6.00000000e-01  1.79845710e+00 
 1.73000000e+00  1.73000000e+00  6.00000000e-01  1.79845709e+00 
 1.74000000e+00  1.74000000e+00  6.00000000e-01  1.79845709e+00 
 1.75000000e+00  1.75000000e+00  6.00000000e-01  1.79845709e+00 
 1.76000000e+00  1.76000000e+00  6.00000000e-01  1.79845709e+00 
 1.77000000e+00  1.77000000e+00  6.00000000e-01  1.79845709e+00 
 1.78000000e+00  1.78000000e+00  6.00000000e-01  1.79845709e+00 
 1.79000000e+00  1.79000000e+00  6.00000000e-01  1.79845709e+00 
 1.80000000e+00  1.80000000e+00  6.00000000e-01  1.79845710e+00 
 0.00000000e+00  0.00000000e+00  9.00000000e-01  9.17495326e-05 
 1.00000000e-02  1.00000000e-02  9.00000000e-01  9.87240294e-05 
 2.00000000e-02  2.00000000e-02  9.00000000e-01  1.06544066e-04 
 3.00000000e-02  3.00000000e-02  9.00000000e-01  1.14593473e-04 
 4.00000000e-02  4.00000000e-02  9.00000000e-01  1.23097466e-04 
 5.00000000e-02  5.00000000e-02  9.00000000e-01  1.32051996e-04 
 6.00000000e-02  6.00000000e-02  9.00000000e-01  1.41481201e-04 
 7.00000000e-02  7.00000000e-02  9.00000000e-01  1.51382160e-04 
 8.00000000e-02  8.00000000e-02  9.00000000e-01  1.61762895e-04 
 9.00000000e-02  9.00000000e-02  9.00000000e-01  1.72630923e-04 
 1.00000000e-01  1.00000000e-01  9.00000000e-01  1.83985208e-04 
 1.10000000e-01  1.10000000e-01  9.00000000e-01  1.95831709e-04 
 1.20000000e-01  1.20000000e-01  9.00000000e-01  2.08174146e-04 
 1.30000000e-01  1.30000000e-01  9.00000000e-01  2.21011867e-04 
 1.40000000e-01  1.40000000e-01  9.00000000e-01  2.34345096e-04 
 1.50000000e-01  1.50000000e-01  9.00000000e-01  2.48178584e-04 
 1.60000000e-01  1.60000000e-01  9.00000000e-01  2.62504807e-04 
 1.70000000e-01  1.70000000e-01  9.00000000e-01  2.77327269e-04 
 1.80000000e-01  1.80000000e-01  9.00000000e-01  2.92641498e-04 
 1.90000000e-01  1.90000000e-01  9.00000000e-01  3.08446084e-04 
 2.00000000e-01  2.00000000e-01  9.00000000e-01  3.24738796e-04 
 2.10000000e-01  2.10000000e-01  9.00000000e-01  3.41518213e-04 
 2.20000000e-01  2.20000000e-01  9.00000000e-01  3.58782433e-04 
 2.30000000e-01  2.30000000e-01  9.00000000e-01  3.76525016e-04 
 2.40000000e-01  2.40000000e-01  9.00000000e-01  3.94742014e-04 
 2.50000000e-01  2.50000000e-01  9.00000000e-01  4.13431554e-04 
 2.60000000e-01  2.60000000e-01  9.00000000e-01  4.32596704e-04 
 2.70000000e-01  2.70000000e-01  9.00000000e-01  4.52225406e-04 
 2.80000000e-01  2.80000000e-01  9.00000000e-01  4.72317069e-04 
 2.90000000e-01  2.90000000e-01  9.00000000e-01  4.92874379e-04 
 3.00000000e-01  3.00000000e-01  9.00000000e-01  5.13890336e-04 
 3.10000000e-01  3.10000000e-01  9.00000000e-01  5.35362396e-04 
 3.20000000e-01  3.20000000e-01  9.00000000e-01  5.57285975e-04 
 3.30000000e-01  3.30000000e-01  9.00000000e-01  5.79667324e-04 
 3.40000000e-01  3.40000000e-01  9.00000000e-01  6.02503710e-04 
 3.50000000e-01  3.50000000e-01  9.00000000e-01  6.25784832e-04 
 3.60000000e-01  3.60000000e-01  9.00000000e-01  6.49517873e-04 
 3.70000000e-01  3.70000000e-01  9.00000000e-01  6.73706169e-04 
 3.80000000e-01  3.80000000e-01  9.00000000e-01  6.98348444e-04 
 3.90000000e-01  3.90000000e-01  9.00000000e-01  7.23444476e-04 
 4.00000000e-01  4.00000000e-01  9.00000000e-01  7.49004268e-04 
 4.10000000e-01  4.10000000e-01  9.00000000e-01  7.75020957e-04 
 4.20000000e-01  4.20000000e-01  9.00000000e-01  8.01512616e-04 
 4.30000000e-01  4.30000000e-01  9.00000000e-01  8.28475392e-04 
 4.40000000e-01  4.40000000e-01  9.00000000e-01  8.55928922e-04 
 4.50000000e-01  4.50000000e-01  9.00000000e-01  8.83881623e-04 
 4.60000000e-01  4.60000000e-01  9.00000000e-01  9.12353850e-04 
 4.70000000e-01  4.70000000e-01  9.00000000e-01  9.41360780e-04 
 4.80000000e-01  4.80000000e-01  9.00000000e-01  9.70943822e-04 
 4.90000000e-01  4.90000000e-01  9.00000000e-01  1.00112750e-03 
 5.00000000e-01  5.00000000e-01  9.00000000e-01  1.03196710e-03 
 5.10000000e-01  5.10000000e-01  9.00000000e-01  1.06352700e-03 
 5.20000000e-01  5.20000000e-01  9.00000000e-01  1.09589182e-03 
 5.30000000e-01  5.30000000e-01  9.00000000e-01  1.12917519e-03 
 5.40000000e-01  5.40000000e-01  9.00000000e-01  1.16352667e-03 
 5.50000000e-01  5.50000000e-01  9.00000000e-01  1.19914730e-03 
 5.60000000e-01  5.60000000e-01  9.00000000e-01  1.23628605e-03 
 5.70000000e-01  5.70000000e-01  9.00000000e-01  1.27530252e-03 
 5.80000000e-01  5.80000000e-01  9.00000000e-01  1.31664313e-03 
 5.90000000e-01  5.90000000e-01  9.00000000e-01  1.36090672e-03 
 6.00000000e-01  6.00000000e-01  9.00000000e-01  1.40887901e-03 
 6.10000000e-01  6.10000000e-01  9.00000000e-01  1.46158673e-03 
 6.20000000e-01  6.20000000e-01  9.00000000e-01  1.52036560e-03 
 6.30000000e-01  6.30000000e-01  9.00000000e-01  1.58692834e-03 
 6.40000000e-01  6.40000000e-01  9.00000000e-01  1.66349004e-03 
 6.50000000e-01  6.50000000e-01  9.00000000e-01  1.75286911e-03 
 6.60000000e-01  6.60000000e-01  9.00000000e-01  1.85861420e-03 
 6.70000000e-01  6.70000000e-01  9.00000000e-01  1.98518050e-03 
 6.80000000e-01  6.80000000e-01  9.00000000e-01  2.13809996e-03 
 6.90000000e-01  6.90000000e-01  9.00000000e-01  2.32415851e-03 
 7.00000000e-01  7.00000000e-01  9.00000000e-01  2.55160164e-03 
 7.10000000e-01  7.10000000e-01  9.00000000e-01  2.83035019e-03 
 7.20000000e-01  7.20000000e-01  9.00000000e-01  3.17220549e-03 
 7.30000000e-01  7.30000000e-01  9.00000000e-01  3.59111248e-03 
 7.40000000e-01  7.40000000e-01  9.00000000e-01  4.10335894e-03 
 7.50000000e-01  7.50000000e-01  9.00000000e-01  4.72789371e-03 
 7.60000000e-01  7.60000000e-01  9.00000000e-01  5.48667271e-03 
 7.70000000e-01  7.70000000e-01  9.00000000e-01  6.40514970e-03 
 7.80000000e-01  7.80000000e-01  9.00000000e-01  7.51301022e-03 
 7.90000000e-01  7.90000000e-01  9.00000000e-01  8.84529699e-03 
 8.00000000e-01  8.00000000e-01  9.00000000e-01  1.04442002e-02 
 8.10000000e-01  8.10000000e-01  9.00000000e-01  1.23620580e-02 
 8.20000000e-01  8.20000000e-01  9.00000000e-01  1.46665191e-02 
 8.30000000e-01  8.30000000e-01  9.00000000e-01  1.74498981e-02 
 8.40000000e-01  8.40000000e-01  9.00000000e-01  2.08472411e-02 
 8.50000000e-01  8.50000000e-01  9.00000000e-01  2.50742497e-02 
 8.60000000e-01  8.60000000e-01  9.00000000e-01  3.05159221e-02 
 8.70000000e-01  8.70000000e-01  9.00000000e-01  3.80594656e-02 
 8.80000000e-01  8.80000000e-01  9.00000000e-01  4.98320721e-02 
 8.90000000e-01  8.90000000e-01  9.00000000e-01  7.46105907e-02 
 9.00000000e-01  9.00000000e-01  9.00000000e-01  9.85107485e-01 
 9.10000000e-01  9.10000000e-01  9.00000000e-01  1.74652103e+00 
 9.20000000e-01  9.20000000e-01  9.00000000e-01  1.76341051e+00 
 9.30000000e-01  9.30000000e-01  9.00000000e-01  1.77251726e+00 
 9.40000000e-01  9.40000000e-01  9.00000000e-01  1.77696054e+00 
 9.50000000e-01  9.50000000e-01  9.00000000e-01  1.78037449e+00 
 9.60000000e-01  9.60000000e-01  9.00000000e-01  1.78322666e+00 
 9.70000000e-01  9.70000000e-01  9.00000000e-01  1.78544722e+00 
 9.80000000e-01  9.80000000e-01  9.00000000e-01  1.78719216e+00 
 9.90000000e-01  9.90000000e-01  9.00000000e-01  1.78858304e+00 
 1.00000000e+00  1.00000000e+00  9.00000000e-01  1.78969932e+00 
 1.01000000e+00  1.01000000e+00  9.00000000e-01  1.79059831e+00 
 1.02000000e+00  1.02000000e+00  9.00000000e-01  1.79132324e+00 
 1.03000000e+00  1.03000000e+00  9.00000000e-01  1.79190756e+00 
 1.04000000e+00  1.04000000e+00  9.00000000e-01  1.79237765e+00 
 1.05000000e+00  1.05000000e+00  9.00000000e-01  1.79275472e+00 
 1.06000000e+00  1.06000000e+00  9.00000000e-01  1.79305599e+00 
 1.07000000e+00  1.07000000e+00  9.00000000e-01  1.79329561e+00 
 1.08000000e+00  1.08000000e+00  9.00000000e-01  1.79348523e+00 
 1.09000000e+00  1.09000000e+00  9.00000000e-01  1.79363448e+00 
 1.10000000e+00  1.10000000e+00  9.00000000e-01  1.79375131e+00 
 1.11000000e+00  1.11000000e+00  9.00000000e-01  1.79384228e+00 
 1.12000000e+00  1.12000000e+00  9.00000000e-01  1.79391272e+00 
 1.13000000e+00  1.13000000e+00  9.00000000e-01  1.79396699e+00 
 1.14000000e+00  1.14000000e+00  9.00000000e-01  1.79400862e+00 
 1.15000000e+00  1.15000000e+00  9.00000000e-01  1.79404037e+00 
 1.16000000e+00  1.16000000e+00  9.00000000e-01  1.79406452e+00 
 1.17000000e+00  1.17000000e+00  9.00000000e-01  1.79408281e+00 
 1.18000000e+00  1.18000000e+00  9.00000000e-01  1.79409661e+00 
 1.19000000e+00  1.19000000e+00  9.00000000e-01  1.79410699e+00 
 1.20000000e+00  1.20000000e+00  9.00000000e-01  1.79411479e+00 
 1.21000000e+00  1.21000000e+00  9.00000000e-01  1.79412062e+00 
 1.22000000e+00  1.22000000e+00  9.00000000e-01  1.79412498e+00 
 1.23000000e+00  1.23000000e+00  9.00000000e-01  1.79412822e+00 
 1.24000000e+00  1.24000000e+00  9.00000000e-01  1.79413065e+00 
 1.25000000e+00  1.25000000e+00  9.00000000e-01  1.79413244e+00 
 1.26000000e+00  1.26000000e+00  9.00000000e-01  1.79413377e+00 
 1.27000000e+00  1.27000000e+00  9.00000000e-01  1.79413477e+00 
 1.28000000e+00  1.28000000e+00  9.00000000e-01  1.79413550e+00 
 1.29000000e+00  1.29000000e+00  9.00000000e-01  1.79413604e+00 
 1.30000000e+00  1.30000000e+00  9.00000000e-01  1.79413644e+00 
 1.31000000e+00  1.31000000e+00  9.00000000e-01  1.79413674e+00 
 1.32000000e+00  1.32000000e+00  9.00000000e-01  1.79413696e+00 
 1.33000000e+00  1.33000000e+00  9.00000000e-01  1.79413712e+00 
 1.34000000e+00  1.34000000e+00  9.00000000e-01  1.79413724e+00 
 1.35000000e+00  1.35000000e+00  9.00000000e-01  1.79413733e+00 
 1.36000000e+00  1.36000000e+00  9.00000000e-01  1.79413739e+00 
 1.37000000e+00  1.37000000e+00  9.00000000e-01  1.79413744e+00 
 1.38000000e+00  1.38000000e+00  9.00000000e-01  1.79413747e+00 
 1.39000000e+00  1.39000000e+00  9.00000000e-01  1.79413750e+00 
 1.40000000e+00  1.40000000e+00  9.00000000e-01  1.79413752e+00 
 1.41000000e+00  1.41000000e+00  9.00000000e-01  1.79413753e+00 
 1.42000000e+00  1.42000000e+00  9.00000000e-01  1.79413754e+00 
 1.43000000e+00  1.43000000e+00  9.00000000e-01  1.79413755e+00 
 1.44000000e+00  1.44000000e+00  9.00000000e-01  1.79413756e+00 
 1.45000000e+00  1.45000000e+00  9.00000000e-01  1.79413756e+00 
 1.46000000e+00  1.46000000e+00  9.00000000e-01  1.79413757e+00 
 1.47000000e+00  1.47000000e+00  9.00000000e-01  1.79413757e+00 
 1.48000000e+00  1.48000000e+00  9.00000000e-01  1.79413757e+00 
 1.49000000e+00  1.49000000e+00  9.00000000e-01  1.79413757e+00 
 1.50000000e+00  1.50000000e+00  9.00000000e-01  1.79413757e+00 
 1.51000000e+00  1.51000000e+00  9.00000000e-01  1.79413757e+00 
 1.52000000e+00  1.52000000e+00  9.00000000e-01  1.79413757e+00 
 1.53000000e+00  1.53000000e+00  9.00000000e-01  1.79413757e+00 
 1.54000000e+00  1.54000000e+00  9.00000000e-01  1.79413757e+00 
 1.55000000e+00  1.55000000e+00  9.00000000e-01  1.79413757e+00 
 1.56000000e+00  1.56000000e+00  9.00000000e-01  1.79413757e+00 
 1.57000000e+00  1.57000000e+00  9.00000000e-01  1.79413757e+00 
 1.58000000e+00  1.58000000e+00  9.00000000e-01  1.79413757e+00 
 1.59000000e+00  1.59000000e+00  9.00000000e-01  1.79413757e+00 
 1.60000000e+00  1.60000000e+00  9.00000000e-01  1.79413757e+00 
 1.61000000e+00  1.61000000e+00  9.00000000e-01  1.79413757e+00 
 1.62000000e+00  1.62000000e+00  9.00000000e-01  1.79413757e+00 
 1.63000000e+00  1.63000000e+00  9.00000000e-01  1.79413757e+00 
 1.64000000e+00  1.64000000e+00  9.00000000e-01  1.79413756e+00 
 1.65000000e+00  1.65000000e+00  9.00000000e-01  1.79413757e+00 
 1.66000000e+00  1.66000000e+00  9.00000000e-01  1.79413757e+00 
 1.67000000e+00  1.67000000e+00  9.00000000e-01  1.79413757e+00 
 1.68000000e+00  1.68000000e+00  9.00000000e-01  1.79413757e+00 
 1.69000000e+00  1.69000000e+00  9.00000000e-01  1.79413757e+00 
 1.70000000e+00  1.70000000e+00  9.00000000e-01  1.79413757e+00 
 1.71000000e+00  1.71000000e+00  9.00000000e-01  1.79413756e+00 
 1.72000000e+00  1.72000000e+00  9.00000000e-01  1.79413757e+00 
 1.73000000e+00  1.73000000e+00  9.00000000e-01  1.79413757e+00 
 1.74000000e+00  1.74000000e+00  9.00000000e-01  1.79413756e+00 
 1.75000000e+00  1.75000000e+00  9.00000000e-01  1.79413756e+00 
 1.76000000e+00  1.76000000e+00  9.00000000e-01  1.79413756e+00 
 1.77000000e+00  1.77000000e+00  9.00000000e-01  1.79413756e+00 
 1.78000000e+00  1.78000000e+00  9.00000000e-01  1.79413756e+00 
 1.79000000e+00  1.79000000e+00  9.00000000e-01  1.79413756e+00 
 1.80000000e+00  1.80000000e+00  9.00000000e-01  1.79413756e+00 
 0.00000000e+00  0.00000000e+00  1.20000000e+00  9.17509174e-05 
 1.00000000e-02  1.00000000e-02  1.20000000e+00  9.87247776e-05 
 2.00000000e-02  2.00000000e-02  1.20000000e+00  1.06543353e-04 
 3.00000000e-02  3.00000000e-02  1.20000000e+00  1.14596955e-04 
 4.00000000e-02  4.00000000e-02  1.20000000e+00  1.23094879e-04 
 5.00000000e-02  5.00000000e-02  1.20000000e+00  1.32055804e-04 
 6.00000000e-02  6.00000000e-02  1.20000000e+00  1.41482400e-04 
 7.00000000e-02  7.00000000e-02  1.20000000e+00  1.51385644e-04 
 8.00000000e-02  8.00000000e-02  1.20000000e+00  1.61765588e-04 
 9.00000000e-02  9.00000000e-02  1.20000000e+00  1.72631753e-04 
 1.00000000e-01  1.00000000e-01  1.20000000e+00  1.83987090e-04 
 1.10000000e-01  1.10000000e-01  1.20000000e+00  1.95831562e-04 
 1.20000000e-01  1.20000000e-01  1.20000000e+00  2.08175155e-04 
 1.30000000e-01  1.30000000e-01  1.20000000e+00  2.21014172e-04 
 1.40000000e-01  1.40000000e-01  1.20000000e+00  2.34347286e-04 
 1.50000000e-01  1.50000000e-01  1.20000000e+00  2.48177684e-04 
 1.60000000e-01  1.60000000e-01  1.20000000e+00  2.62506622e-04 
 1.70000000e-01  1.70000000e-01  1.20000000e+00  2.77327283e-04 
 1.80000000e-01  1.80000000e-01  1.20000000e+00  2.92642393e-04 
 1.90000000e-01  1.90000000e-01  1.20000000e+00  3.08446860e-04 
 2.00000000e-01  2.00000000e-01  1.20000000e+00  3.24743456e-04 
 2.10000000e-01  2.10000000e-01  1.20000000e+00  3.41518549e-04 
 2.20000000e-01  2.20000000e-01  1.20000000e+00  3.58783164e-04 
 2.30000000e-01  2.30000000e-01  1.20000000e+00  3.76522874e-04 
 2.40000000e-01  2.40000000e-01  1.20000000e+00  3.94743885e-04 
 2.50000000e-01  2.50000000e-01  1.20000000e+00  4.13434316e-04 
 2.60000000e-01  2.60000000e-01  1.20000000e+00  4.32600167e-04 
 2.70000000e-01  2.70000000e-01  1.20000000e+00  4.52225905e-04 
 2.80000000e-01  2.80000000e-01  1.20000000e+00  4.72319887e-04 
 2.90000000e-01  2.90000000e-01  1.20000000e+00  4.92873952e-04 
 3.00000000e-01  3.00000000e-01  1.20000000e+00  5.13886799e-04 
 3.10000000e-01  3.10000000e-01  1.20000000e+00  5.35356527e-04 
 3.20000000e-01  3.20000000e-01  1.20000000e+00  5.57284150e-04 
 3.30000000e-01  3.30000000e-01  1.20000000e+00  5.79662020e-04 
 3.40000000e-01  3.40000000e-01  1.20000000e+00  6.02489215e-04 
 3.50000000e-01  3.50000000e-01  1.20000000e+00  6.25769599e-04 
 3.60000000e-01  3.60000000e-01  1.20000000e+00  6.49501939e-04 
 3.70000000e-01  3.70000000e-01  1.20000000e+00  6.73677966e-04 
 3.80000000e-01  3.80000000e-01  1.20000000e+00  6.98305443e-04 
 3.90000000e-01  3.90000000e-01  1.20000000e+00  7.23386694e-04 
 4.00000000e-01  4.00000000e-01  1.20000000e+00  7.48922061e-04 
 4.10000000e-01  4.10000000e-01  1.20000000e+00  7.74910400e-04 
 4.20000000e-01  4.20000000e-01  1.20000000e+00  8.01353101e-04 
 4.30000000e-01  4.30000000e-01  1.20000000e+00  8.28265207e-04 
 4.40000000e-01  4.40000000e-01  1.20000000e+00  8.55632859e-04 
 4.50000000e-01  4.50000000e-01  1.20000000e+00  8.83475563e-04 
 4.60000000e-01  4.60000000e-01  1.20000000e+00  9.11787809e-04 
 4.70000000e-01  4.70000000e-01  1.20000000e+00  9.40586866e-04 
 4.80000000e-01  4.80000000e-01  1.20000000e+00  9.69873802e-04 
 4.90000000e-01  4.90000000e-01  1.20000000e+00  9.99657729e-04 
 5.00000000e-01  5.00000000e-01  1.20000000e+00  1.02994939e-03 
 5.10000000e-01  5.10000000e-01  1.20000000e+00  1.06075840e-03 
 5.20000000e-01  5.20000000e-01  1.20000000e+00  1.09209837e-03 
 5.30000000e-01  5.30000000e-01  1.20000000e+00  1.12398672e-03 
 5.40000000e-01  5.40000000e-01  1.20000000e+00  1.15643360e-03 
 5.50000000e-01  5.50000000e-01  1.20000000e+00  1.18945665e-03 
 5.60000000e-01  5.60000000e-01  1.20000000e+00  1.22308228e-03 
 5.70000000e-01  5.70000000e-01  1.20000000e+00  1.25732364e-03 
 5.80000000e-01  5.80000000e-01  1.20000000e+00  1.29221338e-03 
 5.90000000e-01  5.90000000e-01  1.20000000e+00  1.32777831e-03 
 6.00000000e-01  6.00000000e-01  1.20000000e+00  1.36405170e-03 
 6.10000000e-01  6.10000000e-01  1.20000000e+00  1.40107008e-03 
 6.20000000e-01  6.20000000e-01  1.20000000e+00  1.43887227e-03 
 6.30000000e-01  6.30000000e-01  1.20000000e+00  1.47750718e-03 
 6.40000000e-01  6.40000000e-01  1.20000000e+00  1.51704602e-03 
 6.50000000e-01  6.50000000e-01  1.20000000e+00  1.55753643e-03 
 6.60000000e-01  6.60000000e-01  1.20000000e+00  1.59906301e-03 
 6.70000000e-01  6.70000000e-01  1.20000000e+00  1.64170997e-03 
 6.80000000e-01  6.80000000e-01  1.20000000e+00  1.68558661e-03 
 6.90000000e-01  6.90000000e-01  1.20000000e+00  1.73082526e-03 
 7.00000000e-01  7.00000000e-01  1.20000000e+00  1.77756863e-03 
 7.10000000e-01  7.10000000e-01  1.20000000e+00  1.82601476e-03 
 7.20000000e-01  7.20000000e-01  1.20000000e+00  1.87637646e-03 
 7.30000000e-01  7.30000000e-01  1.20000000e+00  1.92894652e-03 
 7.40000000e-01  7.40000000e-01  1.20000000e+00  1.98406937e-03 
 7.50000000e-01  7.50000000e-01  1.20000000e+00  2.04219539e-03 
 7.60000000e-01  7.60000000e-01  1.20000000e+00  2.10389546e-03 
 7.70000000e-01  7.70000000e-01  1.20000000e+00  2.16990664e-03 
 7.80000000e-01  7.80000000e-01  1.20000000e+00  2.24121070e-03 
 7.90000000e-01  7.90000000e-01  1.20000000e+00  2.31910887e-03 
 8.00000000e-01  8.00000000e-01  1.20000000e+00  2.40535559e-03 
 8.10000000e-01  8.10000000e-01  1.20000000e+00  2.50238494e-03 
 8.20000000e-01  8.20000000e-01  1.20000000e+00  2.61357606e-03 
 8.30000000e-01  8.30000000e-01  1.20000000e+00  2.74372970e-03 
 8.40000000e-01  8.40000000e-01  1.20000000e+00  2.89972486e-03 
 8.50000000e-01  8.50000000e-01  1.20000000e+00  3.09152770e-03 
 8.60000000e-01  8.60000000e-01  1.20000000e+00  3.33360080e-03 
 8.70000000e-01  8.70000000e-01  1.20000000e+00  3.64675546e-03 
 8.80000000e-01  8.80000000e-01  1.20000000e+00  4.06010342e-03 
 8.90000000e-01  8.90000000e-01  1.20000000e+00  4.61216693e-03 
 9.00000000e-01  9.00000000e-01  1.20000000e+00  5.34944832e-03 
 9.10000000e-01  9.10000000e-01  1.20000000e+00  6.32066108e-03 
 9.20000000e-01  9.20000000e-01  1.20000000e+00  7.56746385e-03 
 9.30000000e-01  9.30000000e-01  1.20000000e+00  9.11593657e-03 
 9.40000000e-01  9.40000000e-01  1.20000000e+00  1.09736699e-02 
 9.50000000e-01  9.50000000e-01  1.20000000e+00  1.31331883e-02 
 9.60000000e-01  9.60000000e-01  1.20000000e+00  1.55788148e-02 
 9.70000000e-01  9.70000000e-01  1.20000000e+00  1.82933165e-02 
 9.80000000e-01  9.80000000e-01  1.20000000e+00  2.12628990e-02 
 9.90000000e-01  9.90000000e-01  1.20000000e+00  2.44805646e-02 
 1.00000000e+00  1.00000000e+00  1.20000000e+00  2.79484201e-02 
 1.01000000e+00  1.01000000e+00  1.20000000e+00  3.16794954e-02 
 1.02000000e+00  1.02000000e+00  1.20000000e+00  3.56994759e-02 
 1.03000000e+00  1.03000000e+00  1.20000000e+00  4.00482383e-02 
 1.04000000e+00  1.04000000e+00  1.20000000e+00  4.47812537e-02 
 1.05000000e+00  1.05000000e+00  1.20000000e+00  4.99697534e-02 
 1.06000000e+00  1.06000000e+00  1.20000000e+00  5.56989513e-02 
 1.07000000e+00  1.07000000e+00  1.20000000e+00  6.20619709e-02 
 1.08000000e+00  1.08000000e+00  1.20000000e+00  6.91485203e-02 
 1.09000000e+00  1.09000000e+00  1.20000000e+00  7.70304955e-02 
 1.10000000e+00  1.10000000e+00  1.20000000e+00  8.57522472e-02 
 1.11000000e+00  1.11000000e+00  1.20000000e+00  9.53425892e-02 
 1.12000000e+00  1.12000000e+00  1.20000000e+00  1.05870154e-01 
 1.13000000e+00  1.13000000e+00  1.20000000e+00  1.17578671e-01 
 1.14000000e+00  1.14000000e+00  1.20000000e+00  1.31236302e-01 
 1.15000000e+00  1.15000000e+00  1.20000000e+00  1.49935144e-01 
 1.16000000e+00  1.16000000e+00  1.20000000e+00  1.89397799e-01 
 1.17000000e+00  1.17000000e+00  1.20000000e+00  3.27362532e-01 
 1.18000000e+00  1.18000000e+00  1.20000000e+00  5.50254526e-01 
 1.19000000e+00  1.19000000e+00  1.20000000e+00  7.67725009e-01 
 1.20000000e+00  1.20000000e+00  1.20000000e+00  9.51318938e-01 
 1.21000000e+00  1.21000000e+00  1.20000000e+00  1.09846711e+00 
 1.22000000e+00  1.22000000e+00  1.20000000e+00  1.21230492e+00 
 1.23000000e+00  1.23000000e+00  1.20000000e+00  1.29832060e+00 
 1.24000000e+00  1.24000000e+00  1.20000000e+00  1.36208552e+00 
 1.25000000e+00  1.25000000e+00  1.20000000e+00  1.40864402e+00 
 1.26000000e+00  1.26000000e+00  1.20000000e+00  1.44225016e+00 
 1.27000000e+00  1.27000000e+00  1.20000000e+00  1.46631203e+00 
 1.28000000e+00  1.28000000e+00  1.20000000e+00  1.48345351e+00 
 1.29000000e+00  1.29000000e+00  1.20000000e+00  1.49565171e+00 
 1.30000000e+00  1.30000000e+00  1.20000000e+00  1.50435914e+00 
 1.31000000e+00  1.31000000e+00  1.20000000e+00  1.51060182e+00 
 1.32000000e+00  1.32000000e+00  1.20000000e+00  1.51509780e+00 
 1.33000000e+00  1.33000000e+00  1.20000000e+00  1.51835210e+00 
 1.34000000e+00  1.34000000e+00  1.20000000e+00  1.52073470e+00 
 1.35000000e+00  1.35000000e+00  1.20000000e+00  1.52246111e+00 
 1.36000000e+00  1.36000000e+00  1.20000000e+00  1.52372533e+00 
 1.37000000e+00  1.37000000e+00  1.20000000e+00  1.52466137e+00 
 1.38000000e+00  1.38000000e+00  1.20000000e+00  1.52535279e+00 
 1.39000000e+00  1.39000000e+00  1.20000000e+00  1.52585431e+00 
 1.40000000e+00  1.40000000e+00  1.20000000e+00  1.52622058e+00 
 1.41000000e+00  1.41000000e+00  1.20000000e+00  1.52649483e+00 
 1.42000000e+00  1.42000000e+00  1.20000000e+00  1.52670352e+00 
 1.43000000e+00  1.43000000e+00  1.20000000e+00  1.52685046e+00 
 1.44000000e+00  1.44000000e+00  1.20000000e+00  1.52695604e+00 
 1.45000000e+00  1.45000000e+00  1.20000000e+00  1.52703599e+00 
 1.46000000e+00  1.46000000e+00  1.20000000e+00  1.52710304e+00 
 1.47000000e+00  1.47000000e+00  1.20000000e+00  1.52714200e+00 
 1.48000000e+00  1.48000000e+00  1.20000000e+00  1.52716933e+00 
 1.49000000e+00  1.49000000e+00  1.20000000e+00  1.52719679e+00 
 1.50000000e+00  1.50000000e+00  1.20000000e+00  1.52720953e+00 
 1.51000000e+00  1.51000000e+00  1.20000000e+00  1.52722449e+00 
 1.52000000e+00  1.52000000e+00  1.20000000e+00  1.52723217e+00 
 1.53000000e+00  1.53000000e+00  1.20000000e+00  1.52723533e+00 
 1.54000000e+00  1.54000000e+00  1.20000000e+00  1.52723706e+00 
 1.55000000e+00  1.55000000e+00  1.20000000e+00  1.52723709e+00 
 1.56000000e+00  1.56000000e+00  1.20000000e+00  1.52724142e+00 
 1.57000000e+00  1.57000000e+00  1.20000000e+00  1.52724704e+00 
 1.58000000e+00  1.58000000e+00  1.20000000e+00  1.52723659e+00 
 1.59000000e+00  1.59000000e+00  1.20000000e+00  1.52722979e+00 
 1.60000000e+00  1.60000000e+00  1.20000000e+00  1.52723647e+00 
 1.61000000e+00  1.61000000e+00  1.20000000e+00  1.52722971e+00 
 1.62000000e+00  1.62000000e+00  1.20000000e+00  1.52722696e+00 
 1.63000000e+00  1.63000000e+00  1.20000000e+00  1.52722251e+00 
 1.64000000e+00  1.64000000e+00  1.20000000e+00  1.52721620e+00 
 1.65000000e+00  1.65000000e+00  1.20000000e+00  1.52720936e+00 
 1.66000000e+00  1.66000000e+00  1.20000000e+00  1.52721435e+00 
 1.67000000e+00  1.67000000e+00  1.20000000e+00  1.52720487e+00 
 1.68000000e+00  1.68000000e+00  1.20000000e+00  1.52719998e+00 
 1.69000000e+00  1.69000000e+00  1.20000000e+00  1.52719633e+00 
 1.70000000e+00  1.70000000e+00  1.20000000e+00  1.52718624e+00 
 1.71000000e+00  1.71000000e+00  1.20000000e+00  1.52717666e+00 
 1.72000000e+00  1.72000000e+00  1.20000000e+00  1.52717782e+00 
 1.73000000e+00  1.73000000e+00  1.20000000e+00  1.52716991e+00 
 1.74000000e+00  1.74000000e+00  1.20000000e+00  1.52716055e+00 
 1.75000000e+00  1.75000000e+00  1.20000000e+00  1.52714866e+00 
 1.76000000e+00  1.76000000e+00  1.20000000e+00  1.52714166e+00 
 1.77000000e+00  1.77000000e+00  1.20000000e+00  1.52713254e+00 
 1.78000000e+00  1.78000000e+00  1.20000000e+00  1.52712264e+00 
 1.79000000e+00  1.79000000e+00  1.20000000e+00  1.52711536e+00 
 1.80000000e+00  1.80000000e+00  1.20000000e+00  1.52709967e+00 
