 v-sweep         v(Vin)          i(Vout)         v(Vout)         v(V2)          
 0.00000000e+00  0.00000000e+00 -2.72459673e-07  9.00000000e-01  6.00000000e-01 
 1.00000000e-02  1.00000000e-02 -2.72459673e-07  9.00000000e-01  6.00000000e-01 
 2.00000000e-02  2.00000000e-02 -2.72459637e-07  9.00000000e-01  6.00000000e-01 
 3.00000000e-02  3.00000000e-02 -2.72459637e-07  9.00000000e-01  6.00000000e-01 
 4.00000000e-02  4.00000000e-02 -2.72459651e-07  9.00000000e-01  6.00000000e-01 
 5.00000000e-02  5.00000000e-02 -2.72459637e-07  9.00000000e-01  6.00000000e-01 
 6.00000000e-02  6.00000000e-02 -2.72459630e-07  9.00000000e-01  6.00000000e-01 
 7.00000000e-02  7.00000000e-02 -2.72459616e-07  9.00000000e-01  6.00000000e-01 
 8.00000000e-02  8.00000000e-02 -2.72459602e-07  9.00000000e-01  6.00000000e-01 
 9.00000000e-02  9.00000000e-02 -2.72459602e-07  9.00000000e-01  6.00000000e-01 
 1.00000000e-01  1.00000000e-01 -2.72459587e-07  9.00000000e-01  6.00000000e-01 
 1.10000000e-01  1.10000000e-01 -2.72459559e-07  9.00000000e-01  6.00000000e-01 
 1.20000000e-01  1.20000000e-01 -2.72459545e-07  9.00000000e-01  6.00000000e-01 
 1.30000000e-01  1.30000000e-01 -2.72459523e-07  9.00000000e-01  6.00000000e-01 
 1.40000000e-01  1.40000000e-01 -2.72459452e-07  9.00000000e-01  6.00000000e-01 
 1.50000000e-01  1.50000000e-01 -2.72459424e-07  9.00000000e-01  6.00000000e-01 
 1.60000000e-01  1.60000000e-01 -2.72459275e-07  9.00000000e-01  6.00000000e-01 
 1.70000000e-01  1.70000000e-01 -2.72458884e-07  9.00000000e-01  6.00000000e-01 
 1.80000000e-01  1.80000000e-01 -2.72457392e-07  9.00000000e-01  6.00000000e-01 
 1.90000000e-01  1.90000000e-01 -2.72455154e-07  9.00000000e-01  6.00000000e-01 
 2.00000000e-01  2.00000000e-01 -2.72452084e-07  9.00000000e-01  6.00000000e-01 
 2.10000000e-01  2.10000000e-01 -2.72447977e-07  9.00000000e-01  6.00000000e-01 
 2.20000000e-01  2.20000000e-01 -2.72442037e-07  9.00000000e-01  6.00000000e-01 
 2.30000000e-01  2.30000000e-01 -2.72429418e-07  9.00000000e-01  6.00000000e-01 
 2.40000000e-01  2.40000000e-01 -2.72386188e-07  9.00000000e-01  6.00000000e-01 
 2.50000000e-01  2.50000000e-01 -2.72245437e-07  9.00000000e-01  6.00000000e-01 
 2.60000000e-01  2.60000000e-01 -2.71918722e-07  9.00000000e-01  6.00000000e-01 
 2.70000000e-01  2.70000000e-01 -2.71383641e-07  9.00000000e-01  6.00000000e-01 
 2.80000000e-01  2.80000000e-01 -2.70709407e-07  9.00000000e-01  6.00000000e-01 
 2.90000000e-01  2.90000000e-01 -2.69998004e-07  9.00000000e-01  6.00000000e-01 
 3.00000000e-01  3.00000000e-01 -2.69267773e-07  9.00000000e-01  6.00000000e-01 
 3.10000000e-01  3.10000000e-01 -2.68558729e-07  9.00000000e-01  6.00000000e-01 
 3.20000000e-01  3.20000000e-01 -2.67868003e-07  9.00000000e-01  6.00000000e-01 
 3.30000000e-01  3.30000000e-01 -2.67174372e-07  9.00000000e-01  6.00000000e-01 
 3.40000000e-01  3.40000000e-01 -2.66449923e-07  9.00000000e-01  6.00000000e-01 
 3.50000000e-01  3.50000000e-01 -2.65661335e-07  9.00000000e-01  6.00000000e-01 
 3.60000000e-01  3.60000000e-01 -2.64769362e-07  9.00000000e-01  6.00000000e-01 
 3.70000000e-01  3.70000000e-01 -2.63728303e-07  9.00000000e-01  6.00000000e-01 
 3.80000000e-01  3.80000000e-01 -2.62484683e-07  9.00000000e-01  6.00000000e-01 
 3.90000000e-01  3.90000000e-01 -2.60975803e-07  9.00000000e-01  6.00000000e-01 
 4.00000000e-01  4.00000000e-01 -2.59128122e-07  9.00000000e-01  6.00000000e-01 
 4.10000000e-01  4.10000000e-01 -2.56856652e-07  9.00000000e-01  6.00000000e-01 
 4.20000000e-01  4.20000000e-01 -2.54064005e-07  9.00000000e-01  6.00000000e-01 
 4.30000000e-01  4.30000000e-01 -2.50640532e-07  9.00000000e-01  6.00000000e-01 
 4.40000000e-01  4.40000000e-01 -2.46465497e-07  9.00000000e-01  6.00000000e-01 
 4.50000000e-01  4.50000000e-01 -2.41408358e-07  9.00000000e-01  6.00000000e-01 
 4.60000000e-01  4.60000000e-01 -2.35332600e-07  9.00000000e-01  6.00000000e-01 
 4.70000000e-01  4.70000000e-01 -2.28098941e-07  9.00000000e-01  6.00000000e-01 
 4.80000000e-01  4.80000000e-01 -2.19570467e-07  9.00000000e-01  6.00000000e-01 
 4.90000000e-01  4.90000000e-01 -2.09618584e-07  9.00000000e-01  6.00000000e-01 
 5.00000000e-01  5.00000000e-01 -1.98129563e-07  9.00000000e-01  6.00000000e-01 
 5.10000000e-01  5.10000000e-01 -1.85012496e-07  9.00000000e-01  6.00000000e-01 
 5.20000000e-01  5.20000000e-01 -1.70207429e-07  9.00000000e-01  6.00000000e-01 
 5.30000000e-01  5.30000000e-01 -1.53694174e-07  9.00000000e-01  6.00000000e-01 
 5.40000000e-01  5.40000000e-01 -1.35500578e-07  9.00000000e-01  6.00000000e-01 
 5.50000000e-01  5.50000000e-01 -1.15709973e-07  9.00000000e-01  6.00000000e-01 
 5.60000000e-01  5.60000000e-01 -9.44654985e-08  9.00000000e-01  6.00000000e-01 
 5.70000000e-01  5.70000000e-01 -7.19714777e-08  9.00000000e-01  6.00000000e-01 
 5.80000000e-01  5.80000000e-01 -4.84898592e-08  9.00000000e-01  6.00000000e-01 
 5.90000000e-01  5.90000000e-01 -2.43314489e-08  9.00000000e-01  6.00000000e-01 
 6.00000000e-01  6.00000000e-01  1.57442059e-10  9.00000000e-01  6.00000000e-01 
 6.10000000e-01  6.10000000e-01  2.46125964e-08  9.00000000e-01  6.00000000e-01 
 6.20000000e-01  6.20000000e-01  4.86713034e-08  9.00000000e-01  6.00000000e-01 
 6.30000000e-01  6.30000000e-01  7.19915718e-08  9.00000000e-01  6.00000000e-01 
 6.40000000e-01  6.40000000e-01  9.42689908e-08  9.00000000e-01  6.00000000e-01 
 6.50000000e-01  6.50000000e-01  1.15249790e-07  9.00000000e-01  6.00000000e-01 
 6.60000000e-01  6.60000000e-01  1.34738542e-07  9.00000000e-01  6.00000000e-01 
 6.70000000e-01  6.70000000e-01  1.52601004e-07  9.00000000e-01  6.00000000e-01 
 6.80000000e-01  6.80000000e-01  1.68762533e-07  9.00000000e-01  6.00000000e-01 
 6.90000000e-01  6.90000000e-01  1.83203078e-07  9.00000000e-01  6.00000000e-01 
 7.00000000e-01  7.00000000e-01  1.95949660e-07  9.00000000e-01  6.00000000e-01 
 7.10000000e-01  7.10000000e-01  2.07068226e-07  9.00000000e-01  6.00000000e-01 
 7.20000000e-01  7.20000000e-01  2.16654662e-07  9.00000000e-01  6.00000000e-01 
 7.30000000e-01  7.30000000e-01  2.24826707e-07  9.00000000e-01  6.00000000e-01 
 7.40000000e-01  7.40000000e-01  2.31715866e-07  9.00000000e-01  6.00000000e-01 
 7.50000000e-01  7.50000000e-01  2.37460931e-07  9.00000000e-01  6.00000000e-01 
 7.60000000e-01  7.60000000e-01  2.42201466e-07  9.00000000e-01  6.00000000e-01 
 7.70000000e-01  7.70000000e-01  2.46073505e-07  9.00000000e-01  6.00000000e-01 
 7.80000000e-01  7.80000000e-01  2.49205272e-07  9.00000000e-01  6.00000000e-01 
 7.90000000e-01  7.90000000e-01  2.51714795e-07  9.00000000e-01  6.00000000e-01 
 8.00000000e-01  8.00000000e-01  2.53707896e-07  9.00000000e-01  6.00000000e-01 
 8.10000000e-01  8.10000000e-01  2.55277861e-07  9.00000000e-01  6.00000000e-01 
 8.20000000e-01  8.20000000e-01  2.56504777e-07  9.00000000e-01  6.00000000e-01 
 8.30000000e-01  8.30000000e-01  2.57456783e-07  9.00000000e-01  6.00000000e-01 
 8.40000000e-01  8.40000000e-01  2.58190482e-07  9.00000000e-01  6.00000000e-01 
 8.50000000e-01  8.50000000e-01  2.58752451e-07  9.00000000e-01  6.00000000e-01 
 8.60000000e-01  8.60000000e-01  2.59180545e-07  9.00000000e-01  6.00000000e-01 
 8.70000000e-01  8.70000000e-01  2.59505022e-07  9.00000000e-01  6.00000000e-01 
 8.80000000e-01  8.80000000e-01  2.59749861e-07  9.00000000e-01  6.00000000e-01 
 8.90000000e-01  8.90000000e-01  2.59933799e-07  9.00000000e-01  6.00000000e-01 
 9.00000000e-01  9.00000000e-01  2.60071566e-07  9.00000000e-01  6.00000000e-01 
 9.10000000e-01  9.10000000e-01  2.60174389e-07  9.00000000e-01  6.00000000e-01 
 9.20000000e-01  9.20000000e-01  2.60250900e-07  9.00000000e-01  6.00000000e-01 
 9.30000000e-01  9.30000000e-01  2.60307758e-07  9.00000000e-01  6.00000000e-01 
 9.40000000e-01  9.40000000e-01  2.60349886e-07  9.00000000e-01  6.00000000e-01 
 9.50000000e-01  9.50000000e-01  2.60381022e-07  9.00000000e-01  6.00000000e-01 
 9.60000000e-01  9.60000000e-01  2.60404001e-07  9.00000000e-01  6.00000000e-01 
 9.70000000e-01  9.70000000e-01  2.60420983e-07  9.00000000e-01  6.00000000e-01 
 9.80000000e-01  9.80000000e-01  2.60433438e-07  9.00000000e-01  6.00000000e-01 
 9.90000000e-01  9.90000000e-01  2.60442626e-07  9.00000000e-01  6.00000000e-01 
 1.00000000e+00  1.00000000e+00  2.60449390e-07  9.00000000e-01  6.00000000e-01 
 1.01000000e+00  1.01000000e+00  2.60454357e-07  9.00000000e-01  6.00000000e-01 
 1.02000000e+00  1.02000000e+00  2.60457959e-07  9.00000000e-01  6.00000000e-01 
 1.03000000e+00  1.03000000e+00  2.60460666e-07  9.00000000e-01  6.00000000e-01 
 1.04000000e+00  1.04000000e+00  2.60462606e-07  9.00000000e-01  6.00000000e-01 
 1.05000000e+00  1.05000000e+00  2.60464070e-07  9.00000000e-01  6.00000000e-01 
 1.06000000e+00  1.06000000e+00  2.60465093e-07  9.00000000e-01  6.00000000e-01 
 1.07000000e+00  1.07000000e+00  2.60465868e-07  9.00000000e-01  6.00000000e-01 
 1.08000000e+00  1.08000000e+00  2.60466436e-07  9.00000000e-01  6.00000000e-01 
 1.09000000e+00  1.09000000e+00  2.60466869e-07  9.00000000e-01  6.00000000e-01 
 1.10000000e+00  1.10000000e+00  2.60467161e-07  9.00000000e-01  6.00000000e-01 
 1.11000000e+00  1.11000000e+00  2.60467367e-07  9.00000000e-01  6.00000000e-01 
 1.12000000e+00  1.12000000e+00  2.60467544e-07  9.00000000e-01  6.00000000e-01 
 1.13000000e+00  1.13000000e+00  2.60467708e-07  9.00000000e-01  6.00000000e-01 
 1.14000000e+00  1.14000000e+00  2.60467729e-07  9.00000000e-01  6.00000000e-01 
 1.15000000e+00  1.15000000e+00  2.60467814e-07  9.00000000e-01  6.00000000e-01 
 1.16000000e+00  1.16000000e+00  2.60467850e-07  9.00000000e-01  6.00000000e-01 
 1.17000000e+00  1.17000000e+00  2.60467893e-07  9.00000000e-01  6.00000000e-01 
 1.18000000e+00  1.18000000e+00  2.60467942e-07  9.00000000e-01  6.00000000e-01 
 1.19000000e+00  1.19000000e+00  2.60467935e-07  9.00000000e-01  6.00000000e-01 
 1.20000000e+00  1.20000000e+00  2.60467949e-07  9.00000000e-01  6.00000000e-01 
 1.21000000e+00  1.21000000e+00  2.60467964e-07  9.00000000e-01  6.00000000e-01 
 1.22000000e+00  1.22000000e+00  2.60467928e-07  9.00000000e-01  6.00000000e-01 
 1.23000000e+00  1.23000000e+00  2.60467964e-07  9.00000000e-01  6.00000000e-01 
 1.24000000e+00  1.24000000e+00  2.60467992e-07  9.00000000e-01  6.00000000e-01 
 1.25000000e+00  1.25000000e+00  2.60467971e-07  9.00000000e-01  6.00000000e-01 
 1.26000000e+00  1.26000000e+00  2.60468028e-07  9.00000000e-01  6.00000000e-01 
 1.27000000e+00  1.27000000e+00  2.60467971e-07  9.00000000e-01  6.00000000e-01 
 1.28000000e+00  1.28000000e+00  2.60467985e-07  9.00000000e-01  6.00000000e-01 
 1.29000000e+00  1.29000000e+00  2.60467964e-07  9.00000000e-01  6.00000000e-01 
 1.30000000e+00  1.30000000e+00  2.60467949e-07  9.00000000e-01  6.00000000e-01 
 1.31000000e+00  1.31000000e+00  2.60467992e-07  9.00000000e-01  6.00000000e-01 
 1.32000000e+00  1.32000000e+00  2.60467957e-07  9.00000000e-01  6.00000000e-01 
 1.33000000e+00  1.33000000e+00  2.60467978e-07  9.00000000e-01  6.00000000e-01 
 1.34000000e+00  1.34000000e+00  2.60467964e-07  9.00000000e-01  6.00000000e-01 
 1.35000000e+00  1.35000000e+00  2.60467971e-07  9.00000000e-01  6.00000000e-01 
 1.36000000e+00  1.36000000e+00  2.60467949e-07  9.00000000e-01  6.00000000e-01 
 1.37000000e+00  1.37000000e+00  2.60467985e-07  9.00000000e-01  6.00000000e-01 
 1.38000000e+00  1.38000000e+00  2.60467971e-07  9.00000000e-01  6.00000000e-01 
 1.39000000e+00  1.39000000e+00  2.60467971e-07  9.00000000e-01  6.00000000e-01 
 1.40000000e+00  1.40000000e+00  2.60467964e-07  9.00000000e-01  6.00000000e-01 
 1.41000000e+00  1.41000000e+00  2.60467942e-07  9.00000000e-01  6.00000000e-01 
 1.42000000e+00  1.42000000e+00  2.60467935e-07  9.00000000e-01  6.00000000e-01 
 1.43000000e+00  1.43000000e+00  2.60467978e-07  9.00000000e-01  6.00000000e-01 
 1.44000000e+00  1.44000000e+00  2.60467964e-07  9.00000000e-01  6.00000000e-01 
 1.45000000e+00  1.45000000e+00  2.60467907e-07  9.00000000e-01  6.00000000e-01 
 1.46000000e+00  1.46000000e+00  2.60467935e-07  9.00000000e-01  6.00000000e-01 
 1.47000000e+00  1.47000000e+00  2.60467921e-07  9.00000000e-01  6.00000000e-01 
 1.48000000e+00  1.48000000e+00  2.60467900e-07  9.00000000e-01  6.00000000e-01 
 1.49000000e+00  1.49000000e+00  2.60467914e-07  9.00000000e-01  6.00000000e-01 
 1.50000000e+00  1.50000000e+00  2.60467921e-07  9.00000000e-01  6.00000000e-01 
 1.51000000e+00  1.51000000e+00  2.60467907e-07  9.00000000e-01  6.00000000e-01 
 1.52000000e+00  1.52000000e+00  2.60467878e-07  9.00000000e-01  6.00000000e-01 
 1.53000000e+00  1.53000000e+00  2.60467871e-07  9.00000000e-01  6.00000000e-01 
 1.54000000e+00  1.54000000e+00  2.60467843e-07  9.00000000e-01  6.00000000e-01 
 1.55000000e+00  1.55000000e+00  2.60467850e-07  9.00000000e-01  6.00000000e-01 
 1.56000000e+00  1.56000000e+00  2.60467814e-07  9.00000000e-01  6.00000000e-01 
 1.57000000e+00  1.57000000e+00  2.60467829e-07  9.00000000e-01  6.00000000e-01 
 1.58000000e+00  1.58000000e+00  2.60467843e-07  9.00000000e-01  6.00000000e-01 
 1.59000000e+00  1.59000000e+00  2.60467836e-07  9.00000000e-01  6.00000000e-01 
 1.60000000e+00  1.60000000e+00  2.60467814e-07  9.00000000e-01  6.00000000e-01 
 1.61000000e+00  1.61000000e+00  2.60467786e-07  9.00000000e-01  6.00000000e-01 
 1.62000000e+00  1.62000000e+00  2.60467793e-07  9.00000000e-01  6.00000000e-01 
 1.63000000e+00  1.63000000e+00  2.60467750e-07  9.00000000e-01  6.00000000e-01 
 1.64000000e+00  1.64000000e+00  2.60467729e-07  9.00000000e-01  6.00000000e-01 
 1.65000000e+00  1.65000000e+00  2.60467750e-07  9.00000000e-01  6.00000000e-01 
 1.66000000e+00  1.66000000e+00  2.60467736e-07  9.00000000e-01  6.00000000e-01 
 1.67000000e+00  1.67000000e+00  2.60467701e-07  9.00000000e-01  6.00000000e-01 
 1.68000000e+00  1.68000000e+00  2.60467679e-07  9.00000000e-01  6.00000000e-01 
 1.69000000e+00  1.69000000e+00  2.60467672e-07  9.00000000e-01  6.00000000e-01 
 1.70000000e+00  1.70000000e+00  2.60467644e-07  9.00000000e-01  6.00000000e-01 
 1.71000000e+00  1.71000000e+00  2.60467587e-07  9.00000000e-01  6.00000000e-01 
 1.72000000e+00  1.72000000e+00  2.60467559e-07  9.00000000e-01  6.00000000e-01 
 1.73000000e+00  1.73000000e+00  2.60467566e-07  9.00000000e-01  6.00000000e-01 
 1.74000000e+00  1.74000000e+00  2.60467530e-07  9.00000000e-01  6.00000000e-01 
 1.75000000e+00  1.75000000e+00  2.60467495e-07  9.00000000e-01  6.00000000e-01 
 1.76000000e+00  1.76000000e+00  2.60467459e-07  9.00000000e-01  6.00000000e-01 
 1.77000000e+00  1.77000000e+00  2.60467452e-07  9.00000000e-01  6.00000000e-01 
 1.78000000e+00  1.78000000e+00  2.60467374e-07  9.00000000e-01  6.00000000e-01 
 1.79000000e+00  1.79000000e+00  2.60467338e-07  9.00000000e-01  6.00000000e-01 
 1.80000000e+00  1.80000000e+00  2.60467345e-07  9.00000000e-01  6.00000000e-01 
